sample_id,y_true,y_pred_proba
sample_000001,1,0.18
sample_000015,0,0.27
sample_000022,0,0.39
sample_000031,0,0.25
sample_000032,0,0.25
sample_000043,1,0.39
sample_000055,1,0.42
sample_000067,1,0.45
sample_000070,1,0.23
sample_000077,0,0.43
sample_000079,0,0.2
sample_000085,0,0.39
sample_000088,1,0.26
sample_000096,0,0.54
sample_000097,0,0.25
sample_000104,1,0.23
sample_000109,0,0.39
sample_000113,1,0.16
sample_000115,1,0.3
sample_000119,0,0.29
sample_000120,1,0.37
sample_000125,0,0.19
sample_000139,1,0.3
sample_000142,0,0.23
sample_000151,0,0.51
sample_000159,1,0.26
sample_000161,0,0.45
sample_000167,0,0.45
sample_000175,0,0.31
sample_000176,0,0.19
sample_000190,0,0.29
sample_000194,0,0.29
sample_000196,1,0.49
sample_000201,0,0.28
sample_000206,0,0.26
sample_000213,0,0.39
sample_000218,0,0.18
sample_000223,0,0.26
sample_000225,0,0.19
sample_000227,0,0.38
sample_000229,0,0.15
sample_000232,0,0.38
sample_000233,0,0.27
sample_000241,1,0.31
sample_000246,0,0.31
sample_000248,1,0.29
sample_000254,0,0.19
sample_000256,1,0.27
sample_000265,1,0.22
sample_000266,0,0.21
sample_000268,0,0.34
sample_000271,1,0.39
sample_000272,1,0.44
sample_000274,0,0.24
sample_000275,0,0.27
sample_000277,0,0.28
sample_000281,0,0.22
sample_000282,0,0.25
sample_000284,0,0.34
sample_000286,0,0.22
sample_000287,0,0.29
sample_000290,0,0.21
sample_000293,0,0.36
sample_000294,0,0.24
sample_000297,0,0.47
sample_000298,0,0.35
sample_000308,1,0.22
sample_000309,0,0.19
sample_000316,0,0.28
sample_000323,0,0.18
sample_000327,0,0.44
sample_000334,0,0.4
sample_000335,0,0.21
sample_000337,1,0.26
sample_000340,0,0.45
sample_000342,0,0.21
sample_000346,0,0.26
sample_000351,1,0.25
sample_000352,0,0.28
sample_000362,0,0.29
sample_000364,1,0.39
sample_000369,0,0.49
sample_000377,0,0.4
sample_000381,0,0.37
sample_000388,1,0.49
sample_000390,1,0.2
sample_000391,0,0.27
sample_000392,0,0.41
sample_000399,1,0.34
sample_000402,0,0.34
sample_000404,0,0.25
sample_000413,0,0.37
sample_000426,0,0.2
sample_000428,0,0.43
sample_000431,1,0.27
sample_000432,0,0.39
sample_000433,0,0.2
sample_000439,0,0.38
sample_000441,1,0.35
sample_000442,0,0.39
sample_000449,0,0.32
sample_000455,0,0.34
sample_000461,0,0.32
sample_000471,1,0.42
sample_000486,0,0.34
sample_000490,0,0.35
sample_000492,0,0.4
sample_000509,1,0.36
sample_000512,1,0.56
sample_000521,0,0.39
sample_000523,1,0.26
sample_000524,1,0.34
sample_000534,1,0.29
sample_000537,0,0.29
sample_000538,0,0.33
sample_000545,0,0.24
sample_000550,0,0.23
sample_000551,1,0.2
sample_000563,0,0.25
sample_000565,0,0.19
sample_000569,0,0.28
sample_000570,0,0.29
sample_000589,0,0.19
sample_000591,0,0.36
sample_000598,0,0.59
sample_000603,0,0.31
sample_000607,0,0.21
sample_000615,1,0.31
sample_000619,1,0.34
sample_000628,0,0.35
sample_000636,0,0.44
sample_000640,0,0.35
sample_000653,1,0.31
sample_000660,0,0.31
sample_000661,1,0.22
sample_000685,0,0.37
sample_000693,0,0.2
sample_000694,0,0.24
sample_000695,0,0.29
sample_000697,0,0.22
sample_000703,0,0.25
sample_000712,0,0.29
sample_000718,0,0.32
sample_000721,0,0.51
sample_000727,1,0.3
sample_000732,0,0.23
sample_000741,0,0.08
sample_000746,0,0.22
sample_000747,0,0.14
sample_000751,1,0.35
sample_000771,1,0.32
sample_000772,0,0.27
sample_000777,1,0.36
sample_000779,0,0.4
sample_000793,0,0.27
sample_000800,1,0.34
sample_000806,1,0.29
sample_000807,1,0.41
sample_000810,1,0.2
sample_000811,1,0.17
sample_000813,1,0.23
sample_000816,0,0.42
sample_000817,0,0.49
sample_000819,0,0.3
sample_000825,1,0.42
sample_000828,1,0.31
sample_000838,0,0.27
sample_000840,0,0.32
sample_000843,1,0.27
sample_000854,0,0.44
sample_000865,0,0.33
sample_000872,0,0.27
sample_000873,0,0.33
sample_000878,0,0.68
sample_000887,0,0.37
sample_000888,0,0.19
sample_000893,0,0.36
sample_000898,0,0.36
sample_000906,1,0.2
sample_000911,0,0.32
sample_000916,0,0.2
sample_000932,1,0.36
sample_000934,0,0.4
sample_000936,0,0.14
sample_000941,0,0.31
sample_000945,0,0.31
sample_000946,0,0.38
sample_000947,1,0.39
sample_000958,0,0.3
sample_000967,0,0.36
sample_000969,0,0.45
sample_000970,0,0.27
sample_000973,0,0.2
sample_000974,0,0.3
sample_000980,0,0.56
sample_000981,1,0.41
sample_000982,0,0.31
sample_001009,0,0.32
sample_001013,0,0.24
sample_001017,0,0.28
sample_001028,0,0.35
sample_001031,0,0.38
sample_001034,0,0.29
sample_001037,1,0.25
sample_001050,1,0.31
sample_001060,1,0.24
sample_001061,1,0.32
sample_001088,1,0.29
sample_001092,0,0.28
sample_001103,1,0.16
sample_001106,0,0.23
sample_001111,0,0.31
sample_001114,0,0.22
sample_001115,0,0.31
sample_001118,0,0.35
sample_001134,0,0.36
sample_001140,1,0.37
sample_001144,0,0.23
sample_001147,0,0.25
sample_001150,1,0.11
sample_001152,0,0.38
sample_001155,1,0.46
sample_001162,0,0.24
sample_001163,1,0.35
sample_001167,0,0.31
sample_001174,0,0.31
sample_001189,1,0.44
sample_001211,0,0.33
sample_001213,1,0.24
sample_001217,0,0.26
sample_001221,0,0.3
sample_001222,0,0.28
sample_001225,0,0.18
sample_001227,0,0.23
sample_001229,0,0.27
sample_001231,0,0.51
sample_001234,0,0.55
sample_001236,1,0.22
sample_001244,1,0.31
sample_001246,0,0.39
sample_001247,0,0.21
sample_001250,1,0.19
sample_001255,0,0.35
sample_001262,0,0.36
sample_001266,0,0.26
sample_001267,0,0.31
sample_001275,0,0.49
sample_001277,1,0.3
sample_001280,0,0.23
sample_001283,0,0.29
sample_001285,0,0.31
sample_001288,0,0.48
sample_001295,0,0.25
sample_001304,1,0.19
sample_001308,0,0.36
sample_001310,0,0.21
sample_001312,0,0.26
sample_001316,0,0.21
sample_001318,0,0.31
sample_001319,0,0.21
sample_001326,0,0.18
sample_001329,0,0.28
sample_001336,0,0.28
sample_001344,1,0.32
sample_001345,0,0.42
sample_001352,0,0.13
sample_001356,1,0.38
sample_001364,1,0.4
sample_001365,0,0.27
sample_001369,0,0.3
sample_001375,1,0.24
sample_001385,0,0.32
sample_001388,1,0.32
sample_001403,1,0.39
sample_001405,0,0.36
sample_001412,0,0.48
sample_001430,0,0.29
sample_001432,0,0.42
sample_001437,1,0.25
sample_001439,0,0.21
sample_001441,0,0.44
sample_001449,0,0.54
sample_001450,0,0.26
sample_001451,0,0.24
sample_001453,0,0.28
sample_001459,0,0.19
sample_001474,0,0.31
sample_001478,1,0.25
sample_001496,0,0.19
sample_001500,0,0.33
sample_001507,0,0.26
sample_001515,0,0.39
sample_001529,0,0.32
sample_001530,0,0.28
sample_001537,0,0.23
sample_001539,0,0.29
sample_001544,1,0.47
sample_001549,0,0.24
sample_001550,1,0.26
sample_001551,0,0.32
sample_001552,1,0.21
sample_001557,0,0.3
sample_001560,0,0.33
sample_001562,1,0.32
sample_001566,0,0.38
sample_001570,0,0.18
sample_001574,0,0.18
sample_001575,0,0.23
sample_001587,0,0.37
sample_001588,0,0.49
sample_001593,0,0.44
sample_001599,1,0.3
sample_001600,0,0.3
sample_001603,0,0.39
sample_001604,0,0.33
sample_001608,0,0.31
sample_001611,0,0.3
sample_001613,0,0.4
sample_001614,0,0.27
sample_001618,0,0.33
sample_001620,0,0.39
sample_001631,0,0.19
sample_001632,0,0.28
sample_001637,0,0.3
sample_001651,0,0.58
sample_001655,1,0.28
sample_001658,0,0.59
sample_001661,0,0.3
sample_001663,0,0.43
sample_001671,1,0.18
sample_001672,1,0.16
sample_001677,0,0.26
sample_001682,0,0.54
sample_001686,1,0.33
sample_001688,0,0.14
sample_001696,0,0.31
sample_001703,0,0.35
sample_001707,0,0.37
sample_001712,1,0.23
sample_001716,0,0.27
sample_001721,0,0.34
sample_001727,1,0.27
sample_001740,1,0.21
sample_001744,0,0.35
sample_001746,0,0.16
sample_001756,1,0.28
sample_001759,0,0.2
sample_001771,1,0.24
sample_001777,0,0.24
sample_001778,0,0.29
sample_001789,0,0.35
sample_001792,0,0.32
sample_001798,0,0.28
sample_001799,0,0.27
sample_001804,0,0.16
sample_001805,1,0.31
sample_001807,0,0.16
sample_001814,0,0.34
sample_001815,1,0.35
sample_001820,0,0.28
sample_001823,1,0.32
sample_001827,1,0.37
sample_001829,0,0.43
sample_001830,1,0.39
sample_001833,1,0.29
sample_001834,1,0.42
sample_001840,0,0.22
sample_001844,1,0.25
sample_001846,0,0.43
sample_001857,0,0.31
sample_001861,0,0.36
sample_001864,1,0.35
sample_001876,0,0.12
sample_001879,0,0.24
sample_001881,1,0.41
sample_001883,1,0.36
sample_001886,0,0.36
sample_001913,0,0.26
sample_001914,0,0.34
sample_001924,1,0.23
sample_001938,0,0.15
sample_001940,0,0.37
sample_001947,0,0.34
sample_001955,1,0.29
sample_001958,0,0.3
sample_001960,0,0.31
sample_001963,0,0.46
sample_001965,0,0.36
sample_001966,0,0.5
sample_001967,0,0.43
sample_001969,0,0.46
sample_001977,0,0.32
sample_001980,0,0.25
sample_001990,1,0.36
sample_001995,0,0.3
sample_001999,0,0.31
sample_002002,1,0.32
sample_002012,1,0.23
sample_002026,1,0.37
sample_002028,0,0.41
sample_002036,0,0.44
sample_002041,0,0.2
sample_002042,0,0.55
sample_002054,1,0.28
sample_002056,0,0.23
sample_002058,0,0.14
sample_002060,0,0.26
sample_002073,1,0.31
sample_002075,1,0.36
sample_002078,1,0.24
sample_002079,1,0.33
sample_002081,0,0.46
sample_002086,0,0.37
sample_002095,1,0.23
sample_002104,1,0.45
sample_002105,0,0.48
sample_002111,0,0.45
sample_002122,1,0.45
sample_002127,0,0.16
sample_002139,1,0.31
sample_002142,1,0.27
sample_002148,0,0.33
sample_002153,1,0.38
sample_002162,0,0.3
sample_002166,0,0.21
sample_002167,0,0.38
sample_002168,0,0.36
sample_002173,1,0.18
sample_002174,0,0.2
sample_002180,0,0.26
sample_002182,0,0.36
sample_002186,1,0.41
sample_002194,0,0.34
sample_002195,0,0.14
sample_002197,1,0.31
sample_002199,0,0.29
sample_002204,1,0.18
sample_002206,0,0.34
sample_002209,1,0.2
sample_002219,0,0.27
sample_002225,0,0.35
sample_002229,0,0.41
sample_002241,0,0.19
sample_002243,1,0.16
sample_002244,1,0.28
sample_002251,1,0.32
sample_002257,0,0.37
sample_002268,0,0.41
sample_002270,0,0.31
sample_002272,0,0.33
sample_002274,1,0.38
sample_002275,0,0.21
sample_002286,1,0.57
sample_002291,0,0.38
sample_002295,0,0.22
sample_002307,0,0.23
sample_002310,0,0.31
sample_002313,1,0.45
sample_002316,0,0.22
sample_002318,0,0.25
sample_002319,0,0.45
sample_002322,0,0.49
sample_002323,0,0.3
sample_002329,0,0.31
sample_002332,0,0.23
sample_002333,0,0.19
sample_002342,0,0.28
sample_002344,1,0.22
sample_002349,0,0.25
sample_002350,0,0.29
sample_002359,0,0.27
sample_002370,0,0.38
sample_002371,1,0.28
sample_002378,0,0.25
sample_002381,1,0.31
sample_002387,0,0.22
sample_002388,1,0.35
sample_002389,0,0.42
sample_002394,1,0.25
sample_002396,0,0.28
sample_002400,0,0.17
sample_002406,0,0.26
sample_002407,0,0.28
sample_002412,0,0.5
sample_002415,1,0.32
sample_002419,0,0.35
sample_002421,0,0.46
sample_002425,1,0.32
sample_002436,0,0.3
sample_002437,0,0.22
sample_002446,0,0.35
sample_002447,0,0.18
sample_002449,0,0.45
sample_002457,0,0.2
sample_002460,1,0.26
sample_002467,0,0.37
sample_002475,1,0.47
sample_002482,1,0.34
sample_002483,0,0.16
sample_002491,0,0.32
sample_002493,0,0.4
sample_002495,0,0.36
sample_002500,1,0.24
sample_002502,0,0.45
sample_002506,1,0.28
sample_002518,0,0.4
sample_002519,1,0.32
sample_002521,0,0.38
sample_002538,1,0.32
sample_002539,1,0.37
sample_002540,0,0.27
sample_002565,0,0.22
sample_002569,1,0.35
sample_002572,0,0.31
sample_002577,0,0.34
sample_002580,0,0.4
sample_002582,0,0.19
sample_002587,0,0.32
sample_002588,0,0.47
sample_002594,0,0.22
sample_002600,0,0.1
sample_002619,0,0.29
sample_002623,1,0.47
sample_002625,1,0.44
sample_002629,0,0.21
sample_002634,1,0.25
sample_002643,0,0.34
sample_002644,0,0.21
sample_002652,0,0.38
sample_002654,1,0.48
sample_002659,0,0.26
sample_002661,1,0.18
sample_002667,0,0.24
sample_002668,1,0.44
sample_002669,0,0.26
sample_002677,0,0.31
sample_002678,0,0.3
sample_002689,0,0.24
sample_002690,0,0.59
sample_002696,0,0.28
sample_002697,0,0.28
sample_002699,1,0.3
sample_002704,1,0.38
sample_002711,0,0.48
sample_002712,0,0.44
sample_002718,1,0.37
sample_002719,0,0.33
sample_002721,1,0.16
sample_002723,0,0.3
sample_002726,0,0.31
sample_002729,0,0.23
sample_002735,1,0.14
sample_002738,1,0.23
sample_002740,0,0.26
sample_002749,0,0.23
sample_002753,0,0.5
sample_002758,1,0.28
sample_002762,0,0.49
sample_002769,0,0.22
sample_002778,0,0.35
sample_002780,0,0.19
sample_002782,1,0.14
sample_002784,1,0.12
sample_002787,0,0.47
sample_002788,1,0.24
sample_002792,0,0.23
sample_002798,1,0.33
sample_002801,1,0.31
sample_002807,0,0.26
sample_002808,0,0.41
sample_002821,0,0.37
sample_002828,0,0.32
sample_002829,0,0.27
sample_002830,0,0.24
sample_002831,0,0.3
sample_002833,0,0.26
sample_002836,1,0.21
sample_002839,0,0.31
sample_002848,0,0.42
sample_002856,0,0.34
sample_002860,1,0.33
sample_002864,0,0.46
sample_002868,0,0.3
sample_002870,1,0.28
sample_002875,0,0.34
sample_002882,0,0.31
sample_002885,1,0.37
sample_002887,0,0.32
sample_002894,0,0.24
sample_002896,0,0.18
sample_002899,0,0.41
sample_002903,0,0.43
sample_002910,0,0.3
sample_002913,1,0.34
sample_002918,0,0.17
sample_002919,0,0.18
sample_002920,0,0.41
sample_002922,1,0.34
sample_002924,0,0.35
sample_002938,1,0.47
sample_002941,0,0.25
sample_002945,0,0.39
sample_002949,1,0.33
sample_002951,0,0.39
sample_002963,1,0.34
sample_002969,0,0.48
sample_002970,0,0.26
sample_002974,0,0.32
sample_002975,0,0.29
sample_002976,1,0.32
sample_002979,1,0.37
sample_002988,1,0.25
sample_002997,0,0.1
sample_002998,0,0.29
sample_003003,0,0.28
sample_003009,0,0.43
sample_003012,0,0.3
sample_003013,0,0.28
sample_003014,0,0.15
sample_003015,0,0.35
sample_003019,1,0.45
sample_003024,0,0.32
sample_003030,0,0.51
sample_003033,0,0.28
sample_003036,0,0.32
sample_003039,0,0.25
sample_003057,0,0.26
sample_003059,1,0.29
sample_003072,0,0.26
sample_003080,1,0.21
sample_003082,0,0.18
sample_003085,0,0.31
sample_003086,0,0.33
sample_003091,1,0.38
sample_003099,0,0.16
sample_003104,0,0.27
sample_003109,0,0.14
sample_003113,0,0.35
sample_003117,0,0.32
sample_003123,0,0.25
sample_003134,0,0.48
sample_003136,1,0.3
sample_003143,0,0.28
sample_003145,0,0.38
sample_003148,1,0.23
sample_003151,0,0.29
sample_003156,1,0.34
sample_003162,0,0.24
sample_003168,1,0.25
sample_003169,0,0.31
sample_003171,0,0.33
sample_003176,0,0.25
sample_003177,1,0.42
sample_003184,0,0.44
sample_003191,1,0.38
sample_003197,1,0.21
sample_003202,0,0.21
sample_003204,0,0.4
sample_003217,0,0.27
sample_003223,0,0.27
sample_003228,0,0.24
sample_003244,1,0.53
sample_003252,0,0.27
sample_003255,0,0.26
sample_003263,0,0.28
sample_003266,0,0.43
sample_003267,0,0.23
sample_003279,1,0.38
sample_003282,1,0.44
sample_003286,0,0.31
sample_003294,1,0.2
sample_003296,0,0.47
sample_003301,1,0.3
sample_003312,1,0.29
sample_003314,0,0.32
sample_003317,0,0.43
sample_003325,1,0.17
sample_003329,0,0.11
sample_003331,1,0.18
sample_003344,0,0.6
sample_003353,0,0.3
sample_003354,0,0.36
sample_003357,0,0.35
sample_003367,0,0.37
sample_003372,0,0.28
sample_003378,0,0.44
sample_003386,0,0.42
sample_003390,0,0.37
sample_003392,1,0.47
sample_003398,0,0.31
sample_003402,1,0.4
sample_003415,0,0.26
sample_003416,0,0.48
sample_003424,1,0.29
sample_003425,0,0.26
sample_003431,1,0.35
sample_003432,1,0.27
sample_003437,0,0.32
sample_003440,0,0.15
sample_003448,0,0.32
sample_003451,0,0.27
sample_003455,0,0.28
sample_003458,0,0.36
sample_003460,0,0.62
sample_003469,0,0.23
sample_003477,0,0.38
sample_003480,0,0.25
sample_003484,0,0.27
sample_003492,1,0.23
sample_003494,0,0.39
sample_003500,0,0.27
sample_003502,1,0.24
sample_003512,1,0.22
sample_003515,1,0.27
sample_003516,0,0.27
sample_003517,0,0.34
sample_003523,0,0.26
sample_003524,0,0.1
sample_003528,1,0.13
sample_003530,0,0.27
sample_003531,1,0.27
sample_003534,0,0.2
sample_003542,0,0.13
sample_003550,1,0.46
sample_003552,0,0.31
sample_003553,0,0.23
sample_003569,1,0.22
sample_003590,1,0.34
sample_003594,0,0.17
sample_003595,0,0.41
sample_003612,0,0.24
sample_003615,0,0.4
sample_003619,0,0.28
sample_003631,0,0.29
sample_003635,0,0.33
sample_003640,0,0.27
sample_003641,1,0.42
sample_003643,0,0.52
sample_003644,1,0.29
sample_003647,0,0.31
sample_003652,1,0.29
sample_003653,0,0.19
sample_003658,0,0.22
sample_003663,0,0.47
sample_003664,0,0.17
sample_003667,0,0.36
sample_003672,1,0.37
sample_003673,0,0.18
sample_003674,0,0.38
sample_003688,0,0.43
sample_003697,0,0.34
sample_003701,0,0.27
sample_003719,0,0.51
sample_003723,0,0.33
sample_003725,1,0.39
sample_003730,0,0.37
sample_003741,1,0.34
sample_003765,0,0.3
sample_003766,0,0.2
sample_003769,0,0.25
sample_003782,0,0.26
sample_003788,0,0.32
sample_003790,0,0.38
sample_003791,0,0.3
sample_003800,0,0.42
sample_003807,0,0.35
sample_003808,0,0.37
sample_003817,1,0.27
sample_003830,0,0.44
sample_003831,1,0.2
sample_003835,0,0.19
sample_003836,1,0.19
sample_003839,0,0.28
sample_003840,0,0.26
sample_003844,0,0.32
sample_003855,0,0.38
sample_003858,0,0.35
sample_003865,0,0.25
sample_003866,0,0.22
sample_003868,0,0.32
sample_003870,0,0.34
sample_003877,1,0.21
sample_003892,0,0.33
sample_003902,1,0.22
sample_003903,0,0.15
sample_003908,0,0.4
sample_003910,0,0.19
sample_003912,0,0.42
sample_003924,1,0.41
sample_003932,0,0.49
sample_003934,0,0.4
sample_003940,1,0.32
sample_003941,1,0.19
sample_003946,0,0.33
sample_003948,0,0.3
sample_003949,0,0.38
sample_003956,1,0.36
sample_003957,0,0.28
sample_003963,0,0.31
sample_003964,0,0.3
sample_003976,0,0.16
sample_003983,0,0.29
sample_003992,1,0.34
sample_003995,0,0.25
sample_003996,0,0.39
sample_003998,0,0.26
sample_004006,0,0.34
sample_004016,1,0.41
sample_004018,0,0.31
sample_004019,0,0.2
sample_004023,1,0.18
sample_004024,0,0.38
sample_004034,0,0.16
sample_004039,0,0.22
sample_004042,0,0.2
sample_004049,0,0.4
sample_004051,0,0.24
sample_004055,0,0.31
sample_004056,1,0.43
sample_004058,1,0.43
sample_004060,0,0.25
sample_004064,1,0.13
sample_004076,0,0.35
sample_004080,0,0.24
sample_004082,0,0.27
sample_004096,0,0.57
sample_004102,0,0.32
sample_004105,0,0.18
sample_004108,1,0.3
sample_004112,0,0.2
sample_004127,1,0.38
sample_004133,0,0.15
sample_004136,1,0.25
sample_004137,0,0.18
sample_004140,0,0.23
sample_004145,0,0.32
sample_004153,0,0.37
sample_004161,0,0.22
sample_004163,0,0.38
sample_004166,0,0.35
sample_004172,0,0.38
sample_004173,0,0.36
sample_004185,0,0.28
sample_004190,1,0.29
sample_004191,1,0.31
sample_004193,1,0.22
sample_004199,0,0.27
sample_004200,1,0.39
sample_004201,0,0.25
sample_004205,0,0.23
sample_004211,0,0.38
sample_004212,0,0.26
sample_004227,0,0.36
sample_004229,0,0.33
sample_004230,1,0.28
sample_004232,0,0.26
sample_004243,0,0.37
sample_004245,1,0.4
sample_004262,0,0.32
sample_004276,0,0.28
sample_004289,1,0.28
sample_004300,0,0.22
sample_004301,1,0.31
sample_004303,0,0.24
sample_004308,1,0.25
sample_004316,1,0.37
sample_004320,0,0.28
sample_004322,0,0.29
sample_004346,1,0.21
sample_004355,0,0.16
sample_004363,0,0.18
sample_004365,0,0.42
sample_004366,0,0.42
sample_004374,0,0.31
sample_004375,0,0.35
sample_004388,0,0.3
sample_004399,0,0.42
sample_004406,1,0.37
sample_004410,0,0.38
sample_004413,0,0.35
sample_004418,0,0.25
sample_004425,0,0.42
sample_004426,0,0.27
sample_004428,0,0.27
sample_004439,0,0.23
sample_004447,1,0.15
sample_004450,0,0.25
sample_004454,1,0.2
sample_004456,0,0.57
sample_004461,0,0.16
sample_004463,0,0.43
sample_004467,0,0.25
sample_004472,0,0.32
sample_004475,0,0.28
sample_004484,0,0.51
sample_004487,0,0.18
sample_004490,0,0.11
sample_004503,0,0.32
sample_004513,0,0.3
sample_004526,1,0.22
sample_004544,0,0.3
sample_004545,1,0.53
sample_004549,1,0.35
sample_004558,1,0.43
sample_004564,0,0.27
sample_004582,1,0.29
sample_004586,0,0.36
sample_004589,1,0.28
sample_004590,0,0.41
sample_004591,0,0.22
sample_004593,0,0.46
sample_004598,0,0.4
sample_004602,1,0.24
sample_004603,0,0.41
sample_004606,1,0.29
sample_004612,0,0.4
sample_004619,1,0.23
sample_004623,0,0.34
sample_004624,1,0.38
sample_004629,0,0.4
sample_004638,1,0.17
sample_004642,1,0.31
sample_004644,1,0.44
sample_004648,1,0.2
sample_004655,0,0.31
sample_004663,1,0.18
sample_004664,1,0.24
sample_004669,0,0.22
sample_004674,0,0.38
sample_004675,1,0.3
sample_004676,0,0.39
sample_004679,0,0.19
sample_004686,0,0.45
sample_004688,0,0.28
sample_004698,0,0.17
sample_004705,0,0.2
sample_004710,0,0.21
sample_004712,0,0.2
sample_004723,0,0.25
sample_004725,0,0.33
sample_004726,1,0.2
sample_004729,0,0.3
sample_004732,1,0.35
sample_004733,1,0.2
sample_004748,0,0.22
sample_004750,0,0.39
sample_004752,0,0.25
sample_004756,0,0.26
sample_004760,0,0.16
sample_004767,0,0.43
sample_004774,0,0.32
sample_004776,0,0.29
sample_004782,0,0.3
sample_004787,1,0.31
sample_004788,0,0.22
sample_004794,0,0.41
sample_004795,0,0.35
sample_004814,1,0.36
sample_004815,1,0.36
sample_004822,0,0.25
sample_004824,0,0.19
sample_004832,0,0.38
sample_004838,0,0.21
sample_004841,1,0.27
sample_004843,0,0.25
sample_004854,0,0.46
sample_004856,0,0.19
sample_004863,0,0.37
sample_004864,0,0.15
sample_004867,0,0.42
sample_004869,1,0.35
sample_004879,1,0.39
sample_004880,0,0.4
sample_004884,0,0.49
sample_004885,1,0.25
sample_004899,1,0.34
sample_004905,0,0.31
sample_004906,1,0.23
sample_004935,0,0.21
sample_004938,1,0.33
sample_004939,1,0.26
sample_004954,0,0.45
sample_004955,1,0.17
sample_004962,0,0.32
sample_004963,1,0.22
sample_004968,1,0.21
sample_004978,0,0.39
sample_004980,1,0.23
sample_004985,0,0.45
sample_004989,1,0.35
sample_005004,1,0.26
sample_005010,0,0.44
sample_005031,0,0.16
sample_005032,0,0.19
sample_005034,0,0.28
sample_005036,0,0.38
sample_005042,0,0.46
sample_005045,0,0.21
sample_005062,0,0.16
sample_005073,0,0.37
sample_005077,0,0.32
sample_005081,0,0.54
sample_005089,0,0.25
sample_005101,0,0.23
sample_005108,1,0.44
sample_005119,0,0.24
sample_005131,0,0.29
sample_005135,0,0.25
sample_005136,0,0.33
sample_005142,0,0.45
sample_005144,0,0.24
sample_005151,0,0.3
sample_005153,1,0.27
sample_005155,0,0.19
sample_005156,0,0.17
sample_005160,0,0.39
sample_005167,0,0.28
sample_005175,1,0.27
sample_005176,1,0.16
sample_005181,1,0.16
sample_005182,0,0.28
sample_005189,0,0.2
sample_005207,0,0.42
sample_005222,0,0.32
sample_005227,1,0.34
sample_005233,0,0.38
sample_005237,0,0.37
sample_005238,0,0.26
sample_005251,1,0.37
sample_005252,0,0.32
sample_005256,0,0.31
sample_005257,0,0.24
sample_005260,0,0.17
sample_005262,0,0.23
sample_005266,0,0.32
sample_005268,1,0.27
sample_005270,0,0.37
sample_005275,0,0.3
sample_005278,1,0.32
sample_005279,0,0.19
sample_005280,1,0.37
sample_005282,0,0.25
sample_005293,0,0.41
sample_005294,1,0.24
sample_005301,0,0.22
sample_005303,1,0.24
sample_005307,0,0.26
sample_005309,1,0.26
sample_005311,0,0.5
sample_005318,0,0.33
sample_005320,0,0.34
sample_005325,0,0.3
sample_005327,0,0.2
sample_005329,0,0.43
sample_005330,0,0.32
sample_005333,0,0.38
sample_005338,1,0.33
sample_005340,1,0.37
sample_005341,1,0.43
sample_005346,0,0.29
sample_005352,0,0.3
sample_005356,0,0.29
sample_005361,0,0.28
sample_005365,1,0.26
sample_005367,0,0.26
sample_005370,0,0.29
sample_005376,0,0.26
sample_005378,1,0.4
sample_005382,0,0.2
sample_005385,0,0.21
sample_005388,0,0.53
sample_005389,1,0.21
sample_005390,0,0.43
sample_005391,0,0.41
sample_005392,1,0.15
sample_005393,0,0.18
sample_005396,0,0.23
sample_005398,0,0.2
sample_005402,1,0.29
sample_005403,0,0.24
sample_005406,1,0.32
sample_005415,0,0.41
sample_005418,0,0.31
sample_005423,0,0.25
sample_005432,0,0.32
sample_005434,0,0.26
sample_005435,1,0.2
sample_005439,1,0.17
sample_005443,1,0.36
sample_005446,0,0.17
sample_005451,0,0.3
sample_005458,1,0.24
sample_005463,0,0.25
sample_005466,1,0.38
sample_005470,0,0.17
sample_005471,0,0.14
sample_005472,0,0.3
sample_005476,0,0.26
sample_005489,1,0.21
sample_005491,1,0.32
sample_005502,0,0.22
sample_005505,0,0.34
sample_005525,0,0.3
sample_005526,0,0.47
sample_005532,0,0.43
sample_005533,1,0.32
sample_005535,0,0.3
sample_005537,1,0.22
sample_005538,0,0.35
sample_005547,0,0.23
sample_005550,0,0.27
sample_005563,0,0.26
sample_005568,1,0.3
sample_005570,1,0.42
sample_005579,0,0.45
sample_005582,1,0.17
sample_005583,1,0.16
sample_005593,1,0.42
sample_005596,0,0.36
sample_005602,0,0.24
sample_005603,0,0.34
sample_005611,0,0.16
sample_005612,1,0.16
sample_005613,0,0.22
sample_005614,0,0.42
sample_005618,0,0.34
sample_005632,0,0.39
sample_005633,0,0.26
sample_005634,0,0.2
sample_005639,0,0.36
sample_005655,0,0.28
sample_005664,0,0.31
sample_005672,0,0.61
sample_005679,0,0.31
sample_005683,0,0.53
sample_005684,0,0.37
sample_005688,0,0.35
sample_005693,0,0.2
sample_005703,0,0.45
sample_005717,0,0.43
sample_005732,0,0.46
sample_005734,0,0.13
sample_005751,1,0.33
sample_005754,1,0.29
sample_005765,1,0.24
sample_005770,0,0.2
sample_005772,0,0.17
sample_005781,0,0.37
sample_005783,0,0.58
sample_005786,0,0.34
sample_005795,1,0.38
sample_005798,1,0.24
sample_005808,0,0.22
sample_005815,0,0.31
sample_005822,1,0.31
sample_005825,0,0.24
sample_005828,0,0.42
sample_005834,1,0.24
sample_005848,0,0.14
sample_005850,0,0.14
sample_005851,1,0.21
sample_005853,1,0.32
sample_005854,0,0.4
sample_005856,0,0.09
sample_005859,0,0.31
sample_005863,0,0.32
sample_005866,1,0.4
sample_005868,1,0.24
sample_005869,0,0.18
sample_005885,0,0.38
sample_005888,1,0.31
sample_005894,0,0.39
sample_005896,1,0.18
sample_005904,0,0.42
sample_005905,0,0.18
sample_005906,0,0.34
sample_005907,1,0.25
sample_005910,0,0.42
sample_005911,1,0.17
sample_005915,0,0.38
sample_005927,0,0.39
sample_005937,0,0.19
sample_005940,0,0.34
sample_005954,0,0.35
sample_005958,1,0.3
sample_005962,0,0.36
sample_005964,0,0.23
sample_005969,1,0.22
sample_005984,0,0.17
sample_005993,0,0.37
sample_005995,0,0.21
sample_005997,1,0.4
sample_005998,0,0.31
sample_006001,0,0.35
sample_006012,1,0.36
sample_006014,0,0.31
sample_006016,0,0.09
sample_006017,0,0.38
sample_006019,0,0.22
sample_006025,0,0.17
sample_006038,0,0.29
sample_006042,0,0.33
sample_006045,1,0.27
sample_006050,0,0.32
sample_006054,1,0.2
sample_006058,1,0.15
sample_006060,0,0.24
sample_006069,0,0.48
sample_006073,0,0.15
sample_006085,0,0.16
sample_006089,0,0.24
sample_006101,1,0.16
sample_006119,0,0.32
sample_006125,1,0.26
sample_006127,0,0.24
sample_006135,0,0.39
sample_006140,0,0.25
sample_006143,1,0.23
sample_006148,0,0.31
sample_006156,1,0.2
sample_006170,0,0.4
sample_006171,0,0.22
sample_006174,0,0.62
sample_006183,1,0.29
sample_006187,0,0.23
sample_006198,0,0.25
sample_006200,1,0.22
sample_006209,0,0.42
sample_006213,0,0.4
sample_006223,0,0.38
sample_006226,0,0.27
sample_006248,1,0.24
sample_006268,0,0.31
sample_006269,0,0.29
sample_006275,0,0.22
sample_006276,0,0.46
sample_006279,0,0.32
sample_006281,0,0.27
sample_006285,0,0.29
sample_006297,0,0.37
sample_006300,1,0.14
sample_006309,1,0.43
sample_006317,0,0.19
sample_006319,0,0.3
sample_006330,0,0.19
sample_006335,1,0.25
sample_006338,0,0.22
sample_006340,0,0.27
sample_006343,1,0.34
sample_006344,0,0.33
sample_006350,0,0.24
sample_006360,0,0.36
sample_006361,0,0.35
sample_006362,0,0.23
sample_006363,0,0.17
sample_006367,0,0.24
sample_006379,1,0.24
sample_006382,0,0.42
sample_006404,0,0.46
sample_006406,0,0.17
sample_006409,1,0.48
sample_006413,0,0.27
sample_006414,0,0.27
sample_006415,0,0.34
sample_006425,0,0.09
sample_006427,1,0.43
sample_006430,1,0.31
sample_006431,1,0.48
sample_006437,0,0.46
sample_006447,0,0.34
sample_006452,0,0.33
sample_006455,0,0.38
sample_006457,0,0.24
sample_006465,0,0.27
sample_006467,0,0.25
sample_006471,1,0.31
sample_006474,1,0.31
sample_006482,0,0.49
sample_006491,0,0.18
sample_006495,0,0.24
sample_006497,0,0.39
sample_006504,0,0.21
sample_006508,1,0.16
sample_006517,1,0.23
sample_006519,0,0.23
sample_006524,0,0.2
sample_006538,0,0.34
sample_006544,0,0.39
sample_006545,0,0.33
sample_006550,0,0.41
sample_006553,0,0.36
sample_006560,0,0.63
sample_006564,0,0.32
sample_006565,0,0.4
sample_006566,0,0.3
sample_006570,0,0.3
sample_006587,0,0.41
sample_006590,0,0.36
sample_006591,0,0.36
sample_006592,0,0.35
sample_006596,0,0.25
sample_006600,0,0.3
sample_006601,0,0.26
sample_006608,1,0.66
sample_006613,0,0.35
sample_006616,0,0.49
sample_006617,0,0.49
sample_006619,1,0.32
sample_006625,0,0.25
sample_006634,0,0.54
sample_006636,1,0.19
sample_006638,0,0.33
sample_006651,1,0.48
sample_006656,0,0.26
sample_006662,0,0.27
sample_006663,1,0.51
sample_006664,1,0.46
sample_006675,1,0.24
sample_006677,0,0.47
sample_006696,0,0.26
sample_006697,0,0.43
sample_006704,0,0.15
sample_006705,1,0.38
sample_006706,1,0.39
sample_006708,0,0.46
sample_006727,0,0.37
sample_006741,0,0.25
sample_006742,0,0.08
sample_006746,0,0.28
sample_006747,0,0.18
sample_006750,0,0.25
sample_006752,0,0.37
sample_006756,1,0.29
sample_006757,0,0.23
sample_006766,1,0.41
sample_006769,0,0.32
sample_006770,0,0.18
sample_006774,0,0.27
sample_006785,1,0.13
sample_006792,0,0.33
sample_006798,0,0.31
sample_006799,0,0.19
sample_006801,0,0.15
sample_006809,0,0.31
sample_006812,0,0.41
sample_006813,1,0.23
sample_006816,0,0.31
sample_006828,0,0.38
sample_006832,0,0.29
sample_006834,1,0.2
sample_006836,0,0.24
sample_006846,0,0.19
sample_006853,1,0.15
sample_006857,0,0.34
sample_006860,0,0.25
sample_006861,1,0.32
sample_006862,1,0.26
sample_006880,1,0.32
sample_006882,0,0.32
sample_006883,0,0.29
sample_006886,0,0.46
sample_006888,0,0.21
sample_006910,0,0.19
sample_006913,0,0.27
sample_006917,1,0.47
sample_006926,0,0.34
sample_006927,0,0.41
sample_006931,0,0.34
sample_006934,1,0.42
sample_006936,0,0.54
sample_006939,0,0.25
sample_006953,0,0.42
sample_006963,0,0.42
sample_006969,0,0.29
sample_006972,0,0.34
sample_006974,0,0.35
sample_006977,1,0.22
sample_006978,1,0.25
sample_006981,0,0.35
sample_006985,0,0.28
sample_006989,0,0.23
sample_006992,0,0.36
sample_006997,1,0.21
sample_006998,0,0.31
sample_006999,0,0.52
sample_007000,0,0.28
sample_007001,0,0.39
sample_007005,0,0.31
sample_007007,0,0.45
sample_007008,0,0.46
sample_007009,0,0.31
sample_007021,1,0.21
sample_007025,0,0.48
sample_007028,0,0.22
sample_007031,0,0.18
sample_007038,0,0.27
sample_007043,0,0.33
sample_007050,1,0.21
sample_007052,1,0.28
sample_007059,1,0.38
sample_007067,0,0.2
sample_007068,0,0.24
sample_007073,0,0.42
sample_007075,0,0.12
sample_007077,0,0.3
sample_007078,0,0.33
sample_007085,0,0.28
sample_007087,0,0.34
sample_007091,1,0.28
sample_007099,1,0.29
sample_007100,0,0.21
sample_007104,0,0.38
sample_007109,0,0.28
sample_007115,1,0.08
sample_007127,0,0.35
sample_007132,0,0.39
sample_007134,0,0.36
sample_007157,0,0.24
sample_007158,0,0.48
sample_007161,0,0.13
sample_007163,0,0.36
sample_007165,0,0.22
sample_007169,0,0.27
sample_007171,1,0.17
sample_007185,1,0.37
sample_007190,0,0.31
sample_007191,0,0.43
sample_007193,0,0.26
sample_007197,1,0.42
sample_007204,1,0.32
sample_007205,0,0.23
sample_007206,0,0.28
sample_007217,1,0.3
sample_007219,1,0.12
sample_007223,0,0.43
sample_007224,1,0.32
sample_007228,1,0.48
sample_007233,0,0.29
sample_007234,0,0.27
sample_007235,0,0.29
sample_007237,1,0.24
sample_007242,0,0.23
sample_007243,0,0.28
sample_007249,1,0.33
sample_007251,1,0.29
sample_007257,0,0.26
sample_007261,0,0.54
sample_007266,0,0.27
sample_007284,0,0.26
sample_007314,0,0.28
sample_007319,1,0.27
sample_007336,0,0.26
sample_007343,0,0.24
sample_007344,0,0.28
sample_007355,1,0.37
sample_007360,1,0.32
sample_007364,0,0.3
sample_007376,0,0.37
sample_007377,0,0.35
sample_007381,0,0.12
sample_007382,1,0.18
sample_007401,0,0.36
sample_007404,0,0.36
sample_007410,0,0.32
sample_007413,1,0.26
sample_007414,0,0.51
sample_007416,0,0.31
sample_007417,0,0.23
sample_007422,0,0.38
sample_007424,0,0.33
sample_007431,0,0.38
sample_007433,0,0.16
sample_007453,0,0.35
sample_007463,0,0.23
sample_007465,0,0.19
sample_007466,1,0.28
sample_007468,0,0.27
sample_007479,0,0.24
sample_007480,0,0.28
sample_007483,0,0.24
sample_007487,1,0.34
sample_007493,0,0.14
sample_007498,0,0.24
sample_007499,0,0.29
sample_007502,0,0.4
sample_007506,0,0.29
sample_007511,1,0.43
sample_007512,0,0.31
sample_007515,1,0.4
sample_007523,1,0.28
sample_007536,1,0.29
sample_007551,0,0.31
sample_007559,1,0.38
sample_007561,0,0.31
sample_007565,1,0.3
sample_007580,0,0.44
sample_007582,0,0.26
sample_007589,0,0.36
sample_007595,1,0.38
sample_007617,1,0.45
sample_007619,0,0.27
sample_007626,1,0.2
sample_007629,1,0.46
sample_007630,0,0.36
sample_007637,0,0.21
sample_007639,0,0.38
sample_007644,0,0.35
sample_007646,0,0.28
sample_007653,1,0.36
sample_007654,1,0.21
sample_007661,0,0.31
sample_007662,1,0.27
sample_007666,0,0.23
sample_007667,0,0.44
sample_007668,1,0.3
sample_007671,0,0.12
sample_007672,1,0.35
sample_007678,0,0.5
sample_007680,1,0.23
sample_007683,0,0.36
sample_007687,0,0.27
sample_007690,0,0.3
sample_007692,0,0.42
sample_007694,1,0.38
sample_007695,0,0.25
sample_007696,0,0.37
sample_007697,0,0.37
sample_007699,0,0.15
sample_007704,0,0.4
sample_007711,0,0.32
sample_007712,0,0.2
sample_007715,1,0.31
sample_007722,0,0.21
sample_007723,1,0.48
sample_007724,1,0.31
sample_007732,0,0.28
sample_007733,1,0.36
sample_007738,0,0.65
sample_007740,0,0.38
sample_007745,0,0.19
sample_007748,0,0.27
sample_007756,0,0.18
sample_007761,0,0.2
sample_007763,1,0.27
sample_007769,1,0.28
sample_007772,0,0.24
sample_007775,0,0.42
sample_007777,1,0.26
sample_007778,1,0.54
sample_007785,0,0.49
sample_007791,0,0.37
sample_007796,1,0.36
sample_007804,0,0.17
sample_007807,1,0.3
sample_007815,0,0.32
sample_007816,0,0.49
sample_007820,0,0.24
sample_007821,0,0.28
sample_007823,1,0.3
sample_007833,1,0.23
sample_007834,0,0.31
sample_007841,0,0.35
sample_007843,0,0.37
sample_007850,0,0.63
sample_007852,1,0.24
sample_007855,0,0.43
sample_007857,0,0.29
sample_007859,0,0.29
sample_007860,0,0.4
sample_007864,0,0.15
sample_007868,0,0.41
sample_007871,0,0.48
sample_007875,0,0.36
sample_007876,0,0.45
sample_007880,0,0.2
sample_007882,0,0.2
sample_007886,0,0.3
sample_007888,0,0.27
sample_007891,0,0.35
sample_007893,0,0.31
sample_007897,0,0.32
sample_007898,0,0.29
sample_007899,1,0.3
sample_007902,0,0.36
sample_007918,0,0.12
sample_007919,0,0.37
sample_007923,0,0.29
sample_007929,0,0.21
sample_007933,0,0.21
sample_007935,0,0.31
sample_007940,0,0.25
sample_007941,0,0.42
sample_007942,1,0.35
sample_007945,0,0.2
sample_007950,1,0.44
sample_007954,1,0.37
sample_007956,0,0.37
sample_007957,1,0.29
sample_007963,0,0.24
sample_007964,0,0.4
sample_007971,0,0.27
sample_007972,0,0.42
sample_007981,0,0.22
sample_007993,0,0.27
sample_007994,0,0.29
sample_008002,0,0.31
sample_008017,0,0.22
sample_008024,0,0.35
sample_008028,0,0.36
sample_008030,0,0.26
sample_008031,0,0.26
sample_008032,0,0.29
sample_008035,0,0.29
sample_008040,1,0.16
sample_008043,1,0.33
sample_008045,0,0.3
sample_008052,1,0.27
sample_008055,0,0.31
sample_008058,0,0.27
sample_008064,1,0.26
sample_008069,0,0.42
sample_008071,0,0.27
sample_008079,0,0.41
sample_008087,1,0.36
sample_008088,0,0.2
sample_008091,0,0.23
sample_008096,0,0.35
sample_008099,0,0.44
sample_008108,1,0.6
sample_008110,0,0.57
sample_008114,0,0.3
sample_008116,1,0.51
sample_008117,0,0.32
sample_008121,0,0.43
sample_008128,1,0.18
sample_008139,0,0.37
sample_008142,0,0.21
sample_008144,1,0.37
sample_008145,0,0.38
sample_008149,0,0.2
sample_008155,0,0.24
sample_008156,1,0.27
sample_008160,1,0.25
sample_008164,0,0.37
sample_008169,0,0.29
sample_008170,1,0.2
sample_008176,0,0.27
sample_008180,0,0.2
sample_008189,0,0.27
sample_008192,0,0.34
sample_008200,0,0.17
sample_008210,0,0.44
sample_008211,1,0.24
sample_008215,0,0.33
sample_008216,0,0.3
sample_008229,0,0.42
sample_008233,0,0.21
sample_008240,1,0.27
sample_008241,0,0.38
sample_008249,1,0.17
sample_008262,1,0.26
sample_008267,0,0.43
sample_008275,1,0.25
sample_008278,0,0.29
sample_008286,0,0.24
sample_008288,0,0.28
sample_008296,0,0.36
sample_008300,1,0.43
sample_008305,0,0.33
sample_008308,0,0.34
sample_008311,0,0.27
sample_008319,0,0.32
sample_008324,0,0.26
sample_008336,1,0.44
sample_008340,1,0.28
sample_008341,0,0.29
sample_008344,1,0.4
sample_008353,0,0.36
sample_008357,0,0.36
sample_008369,0,0.25
sample_008371,0,0.27
sample_008375,0,0.24
sample_008380,0,0.2
sample_008382,0,0.34
sample_008389,0,0.4
sample_008398,1,0.23
sample_008408,0,0.14
sample_008409,0,0.27
sample_008411,1,0.26
sample_008415,0,0.26
sample_008421,0,0.49
sample_008426,0,0.33
sample_008428,0,0.45
sample_008437,0,0.2
sample_008443,0,0.41
sample_008448,0,0.36
sample_008454,1,0.25
sample_008457,0,0.19
sample_008458,1,0.2
sample_008459,0,0.22
sample_008461,1,0.29
sample_008463,1,0.39
sample_008466,0,0.31
sample_008494,0,0.14
sample_008498,0,0.23
sample_008503,1,0.21
sample_008507,0,0.23
sample_008511,0,0.3
sample_008515,0,0.2
sample_008516,1,0.22
sample_008526,0,0.3
sample_008558,1,0.27
sample_008559,1,0.37
sample_008560,0,0.16
sample_008562,0,0.42
sample_008567,1,0.21
sample_008574,1,0.25
sample_008576,0,0.36
sample_008577,0,0.26
sample_008580,0,0.4
sample_008581,1,0.17
sample_008583,0,0.29
sample_008591,0,0.26
sample_008593,1,0.68
sample_008596,0,0.27
sample_008597,0,0.53
sample_008617,0,0.19
sample_008624,0,0.36
sample_008628,0,0.36
sample_008633,0,0.21
sample_008635,1,0.3
sample_008642,0,0.36
sample_008646,0,0.22
sample_008650,0,0.44
sample_008654,0,0.29
sample_008658,0,0.26
sample_008659,1,0.36
sample_008663,0,0.51
sample_008664,0,0.24
sample_008669,1,0.1
sample_008670,1,0.38
sample_008672,0,0.22
sample_008682,0,0.33
sample_008685,0,0.29
sample_008686,0,0.5
sample_008698,0,0.3
sample_008708,0,0.21
sample_008709,1,0.25
sample_008711,0,0.35
sample_008720,0,0.34
sample_008721,1,0.35
sample_008725,1,0.26
sample_008734,0,0.25
sample_008747,0,0.32
sample_008749,0,0.4
sample_008750,0,0.52
sample_008755,1,0.35
sample_008756,0,0.33
sample_008759,0,0.26
sample_008771,0,0.56
sample_008773,0,0.45
sample_008776,1,0.19
sample_008781,1,0.4
sample_008789,0,0.32
sample_008790,1,0.26
sample_008794,0,0.41
sample_008796,0,0.38
sample_008802,0,0.17
sample_008809,0,0.5
sample_008815,1,0.25
sample_008821,1,0.13
sample_008823,0,0.41
sample_008843,1,0.24
sample_008851,0,0.21
sample_008852,0,0.25
sample_008853,0,0.47
sample_008860,0,0.23
sample_008863,0,0.35
sample_008872,0,0.39
sample_008873,0,0.22
sample_008877,0,0.56
sample_008878,0,0.36
sample_008888,0,0.46
sample_008895,0,0.28
sample_008899,1,0.27
sample_008904,0,0.29
sample_008905,0,0.2
sample_008910,1,0.34
sample_008916,0,0.19
sample_008927,0,0.17
sample_008933,0,0.28
sample_008934,0,0.32
sample_008936,0,0.32
sample_008940,0,0.37
sample_008941,0,0.24
sample_008943,1,0.25
sample_008945,1,0.35
sample_008947,1,0.16
sample_008949,0,0.33
sample_008951,1,0.37
sample_008952,0,0.25
sample_008953,0,0.26
sample_008956,0,0.36
sample_008959,1,0.24
sample_008964,0,0.19
sample_008967,1,0.18
sample_008976,0,0.36
sample_008983,0,0.29
sample_008984,0,0.4
sample_008988,1,0.28
sample_008990,0,0.31
sample_008995,0,0.16
sample_008997,1,0.38
sample_009002,1,0.3
sample_009003,0,0.43
sample_009004,0,0.23
sample_009007,0,0.38
sample_009009,0,0.27
sample_009013,0,0.2
sample_009020,0,0.18
sample_009021,1,0.29
sample_009025,0,0.17
sample_009027,0,0.37
sample_009031,1,0.33
sample_009040,0,0.35
sample_009043,0,0.27
sample_009048,1,0.39
sample_009053,0,0.35
sample_009054,0,0.17
sample_009076,1,0.27
sample_009077,1,0.28
sample_009078,1,0.31
sample_009080,0,0.17
sample_009083,1,0.34
sample_009085,0,0.3
sample_009086,0,0.17
sample_009088,0,0.46
sample_009091,0,0.24
sample_009094,0,0.35
sample_009096,0,0.36
sample_009098,1,0.22
sample_009103,1,0.19
sample_009112,0,0.35
sample_009118,1,0.19
sample_009120,1,0.54
sample_009146,0,0.33
sample_009148,0,0.35
sample_009150,0,0.16
sample_009157,0,0.33
sample_009174,0,0.2
sample_009178,0,0.26
sample_009186,1,0.21
sample_009187,0,0.57
sample_009191,0,0.28
sample_009197,1,0.36
sample_009203,0,0.36
sample_009206,0,0.58
sample_009214,0,0.29
sample_009216,0,0.32
sample_009217,1,0.24
sample_009222,0,0.51
sample_009230,0,0.27
sample_009231,0,0.3
sample_009233,0,0.41
sample_009234,1,0.24
sample_009239,0,0.23
sample_009249,0,0.25
sample_009252,0,0.34
sample_009253,0,0.26
sample_009260,0,0.49
sample_009261,0,0.26
sample_009262,0,0.22
sample_009265,0,0.32
sample_009282,1,0.25
sample_009290,0,0.3
sample_009297,1,0.4
sample_009299,0,0.22
sample_009302,1,0.29
sample_009310,0,0.2
sample_009311,0,0.13
sample_009320,0,0.45
sample_009329,1,0.37
sample_009332,0,0.39
sample_009333,1,0.32
sample_009334,0,0.33
sample_009335,0,0.28
sample_009338,0,0.39
sample_009340,0,0.32
sample_009341,0,0.17
sample_009344,0,0.34
sample_009346,1,0.27
sample_009348,0,0.29
sample_009360,0,0.36
sample_009364,0,0.29
sample_009367,1,0.35
sample_009370,1,0.37
sample_009387,0,0.4
sample_009390,1,0.34
sample_009400,0,0.27
sample_009405,0,0.22
sample_009410,0,0.22
sample_009416,0,0.36
sample_009420,1,0.43
sample_009422,0,0.3
sample_009428,0,0.36
sample_009430,1,0.37
sample_009436,1,0.43
sample_009438,0,0.34
sample_009445,0,0.21
sample_009449,0,0.22
sample_009450,0,0.33
sample_009452,0,0.17
sample_009453,0,0.51
sample_009469,0,0.26
sample_009480,0,0.31
sample_009481,0,0.41
sample_009493,0,0.27
sample_009496,0,0.41
sample_009500,0,0.29
sample_009511,0,0.28
sample_009515,0,0.41
sample_009516,0,0.36
sample_009520,0,0.22
sample_009521,0,0.27
sample_009523,0,0.19
sample_009524,0,0.46
sample_009526,1,0.49
sample_009527,0,0.27
sample_009538,0,0.35
sample_009539,0,0.35
sample_009541,0,0.3
sample_009548,0,0.4
sample_009549,1,0.27
sample_009552,1,0.23
sample_009556,0,0.34
sample_009559,0,0.42
sample_009562,0,0.37
sample_009574,0,0.3
sample_009581,0,0.21
sample_009586,0,0.28
sample_009591,0,0.46
sample_009597,0,0.37
sample_009601,1,0.2
sample_009603,0,0.29
sample_009606,1,0.34
sample_009610,0,0.29
sample_009611,0,0.3
sample_009624,0,0.26
sample_009632,0,0.45
sample_009635,0,0.37
sample_009636,1,0.55
sample_009640,0,0.24
sample_009646,1,0.39
sample_009651,0,0.23
sample_009655,0,0.47
sample_009668,1,0.25
sample_009681,0,0.25
sample_009682,0,0.36
sample_009692,0,0.15
sample_009697,1,0.17
sample_009698,0,0.44
sample_009700,1,0.31
sample_009702,1,0.24
sample_009703,1,0.23
sample_009707,0,0.45
sample_009713,0,0.29
sample_009728,0,0.52
sample_009735,0,0.2
sample_009747,0,0.28
sample_009751,0,0.24
sample_009757,1,0.26
sample_009760,1,0.11
sample_009764,1,0.37
sample_009765,0,0.37
sample_009770,1,0.29
sample_009772,0,0.22
sample_009781,0,0.26
sample_009791,0,0.36
sample_009793,0,0.23
sample_009794,0,0.28
sample_009795,0,0.58
sample_009807,0,0.13
sample_009808,1,0.3
sample_009809,0,0.15
sample_009812,0,0.38
sample_009822,0,0.39
sample_009823,0,0.13
sample_009826,0,0.35
sample_009830,0,0.31
sample_009843,1,0.4
sample_009846,1,0.3
sample_009849,0,0.29
sample_009850,0,0.3
sample_009853,0,0.21
sample_009855,0,0.35
sample_009857,0,0.33
sample_009865,0,0.46
sample_009873,0,0.18
sample_009882,0,0.37
sample_009891,0,0.43
sample_009894,1,0.37
sample_009895,0,0.37
sample_009916,0,0.31
sample_009920,0,0.44
sample_009924,0,0.23
sample_009933,0,0.14
sample_009940,1,0.35
sample_009941,0,0.37
sample_009951,0,0.41
sample_009953,0,0.28
sample_009954,0,0.31
sample_009955,0,0.36
sample_009958,0,0.33
sample_009977,1,0.38
sample_009979,0,0.26
sample_009988,0,0.37
sample_009989,1,0.25
sample_009991,0,0.31
sample_009993,1,0.18
sample_010001,0,0.36
sample_010003,0,0.26
sample_010007,0,0.47
sample_010015,0,0.32
sample_010017,0,0.44
sample_010024,1,0.35
sample_010025,0,0.64
sample_010027,1,0.24
sample_010035,0,0.14
sample_010050,1,0.32
sample_010055,0,0.23
sample_010059,0,0.22
sample_010064,0,0.38
sample_010066,0,0.28
sample_010075,0,0.33
sample_010077,0,0.23
sample_010080,0,0.38
sample_010094,1,0.37
sample_010098,0,0.28
sample_010104,1,0.38
sample_010108,0,0.21
sample_010111,0,0.29
sample_010113,0,0.34
sample_010123,1,0.22
sample_010135,0,0.45
sample_010140,0,0.26
sample_010144,0,0.22
sample_010146,1,0.33
sample_010150,1,0.37
sample_010154,1,0.18
sample_010163,0,0.28
sample_010165,0,0.26
sample_010168,0,0.33
sample_010173,0,0.19
sample_010175,0,0.32
sample_010178,0,0.11
sample_010183,0,0.26
sample_010196,1,0.18
sample_010199,0,0.2
sample_010203,0,0.34
sample_010211,0,0.34
sample_010219,0,0.25
sample_010234,1,0.45
sample_010235,0,0.11
sample_010246,0,0.28
sample_010248,1,0.32
sample_010252,0,0.19
sample_010257,0,0.37
sample_010259,0,0.42
sample_010260,0,0.32
sample_010262,0,0.29
sample_010263,1,0.18
sample_010279,0,0.27
sample_010284,0,0.24
sample_010293,0,0.43
sample_010295,1,0.29
sample_010296,1,0.28
sample_010301,1,0.29
sample_010308,1,0.24
sample_010310,1,0.23
sample_010314,1,0.31
sample_010322,1,0.21
sample_010330,1,0.37
sample_010331,0,0.26
sample_010333,0,0.29
sample_010336,0,0.46
sample_010339,1,0.6
sample_010340,0,0.24
sample_010342,0,0.27
sample_010345,0,0.33
sample_010348,0,0.28
sample_010354,0,0.29
sample_010362,1,0.42
sample_010365,0,0.28
sample_010366,1,0.55
sample_010368,0,0.2
sample_010369,0,0.19
sample_010372,0,0.37
sample_010373,0,0.15
sample_010383,1,0.22
sample_010391,0,0.25
sample_010392,0,0.18
sample_010394,0,0.31
sample_010400,0,0.36
sample_010403,0,0.34
sample_010406,0,0.27
sample_010411,1,0.18
sample_010416,0,0.21
sample_010420,0,0.47
sample_010429,1,0.14
sample_010436,0,0.33
sample_010439,0,0.29
sample_010443,1,0.35
sample_010446,0,0.45
sample_010451,1,0.28
sample_010455,0,0.26
sample_010473,0,0.39
sample_010484,0,0.43
sample_010487,1,0.44
sample_010492,0,0.26
sample_010494,0,0.44
sample_010495,0,0.35
sample_010501,0,0.45
sample_010507,0,0.28
sample_010518,1,0.16
sample_010519,1,0.29
sample_010522,1,0.22
sample_010527,0,0.27
sample_010530,1,0.46
sample_010536,0,0.38
sample_010542,1,0.32
sample_010545,0,0.37
sample_010549,0,0.34
sample_010555,0,0.33
sample_010559,1,0.36
sample_010571,1,0.22
sample_010573,0,0.14
sample_010577,1,0.26
sample_010596,0,0.2
sample_010609,1,0.22
sample_010610,0,0.28
sample_010611,1,0.12
sample_010613,0,0.24
sample_010624,1,0.3
sample_010628,0,0.26
sample_010629,0,0.35
sample_010636,0,0.25
sample_010652,1,0.21
sample_010659,0,0.32
sample_010663,0,0.36
sample_010665,0,0.33
sample_010670,1,0.42
sample_010690,1,0.25
sample_010710,0,0.25
sample_010717,0,0.3
sample_010723,1,0.31
sample_010727,0,0.14
sample_010728,0,0.31
sample_010738,0,0.53
sample_010739,0,0.27
sample_010740,0,0.31
sample_010752,0,0.41
sample_010759,1,0.15
sample_010778,1,0.51
sample_010793,0,0.35
sample_010795,0,0.21
sample_010803,1,0.24
sample_010810,0,0.19
sample_010820,0,0.26
sample_010825,0,0.54
sample_010827,1,0.31
sample_010833,0,0.37
sample_010846,0,0.24
sample_010849,0,0.12
sample_010854,0,0.24
sample_010861,0,0.29
sample_010869,0,0.28
sample_010872,0,0.21
sample_010874,1,0.42
sample_010882,0,0.28
sample_010888,1,0.36
sample_010892,1,0.35
sample_010902,1,0.44
sample_010904,0,0.24
sample_010905,0,0.25
sample_010911,0,0.37
sample_010928,0,0.32
sample_010933,1,0.32
sample_010935,0,0.41
sample_010939,0,0.3
sample_010948,0,0.06
sample_010958,0,0.15
sample_010963,0,0.19
sample_010969,0,0.18
sample_010971,1,0.28
sample_010976,1,0.18
sample_010978,0,0.32
sample_010989,0,0.25
sample_010999,0,0.27
sample_011000,0,0.39
sample_011009,0,0.31
sample_011010,0,0.41
sample_011018,0,0.26
sample_011021,0,0.35
sample_011022,1,0.39
sample_011027,0,0.16
sample_011037,0,0.44
sample_011046,0,0.19
sample_011048,0,0.29
sample_011050,0,0.26
sample_011059,1,0.42
sample_011061,0,0.44
sample_011066,0,0.36
sample_011068,0,0.5
sample_011072,0,0.3
sample_011086,1,0.31
sample_011090,1,0.06
sample_011091,1,0.43
sample_011093,0,0.23
sample_011094,0,0.53
sample_011097,1,0.33
sample_011106,1,0.25
sample_011111,0,0.34
sample_011115,1,0.19
sample_011140,1,0.43
sample_011141,1,0.35
sample_011143,1,0.22
sample_011144,0,0.33
sample_011156,1,0.22
sample_011157,0,0.4
sample_011158,0,0.22
sample_011161,0,0.29
sample_011162,1,0.31
sample_011172,1,0.42
sample_011180,1,0.49
sample_011181,1,0.27
sample_011185,1,0.26
sample_011190,0,0.31
sample_011191,0,0.27
sample_011192,0,0.38
sample_011197,0,0.26
sample_011200,0,0.57
sample_011209,0,0.13
sample_011210,0,0.42
sample_011213,0,0.34
sample_011222,1,0.51
sample_011224,0,0.34
sample_011229,0,0.33
sample_011233,0,0.23
sample_011244,0,0.56
sample_011245,1,0.41
sample_011246,0,0.48
sample_011250,0,0.19
sample_011251,1,0.29
sample_011257,0,0.26
sample_011258,1,0.3
sample_011262,0,0.23
sample_011264,1,0.14
sample_011265,1,0.28
sample_011275,0,0.18
sample_011287,0,0.4
sample_011288,0,0.22
sample_011294,0,0.26
sample_011297,0,0.29
sample_011298,0,0.4
sample_011299,0,0.12
sample_011302,0,0.18
sample_011308,1,0.43
sample_011316,0,0.43
sample_011317,0,0.26
sample_011319,1,0.2
sample_011326,0,0.25
sample_011328,1,0.26
sample_011329,0,0.15
sample_011340,0,0.17
sample_011344,0,0.23
sample_011356,0,0.24
sample_011358,1,0.29
sample_011395,0,0.19
sample_011398,0,0.25
sample_011401,0,0.4
sample_011404,1,0.24
sample_011410,0,0.27
sample_011420,1,0.26
sample_011424,1,0.49
sample_011430,0,0.44
sample_011437,1,0.47
sample_011445,1,0.31
sample_011448,0,0.58
sample_011453,0,0.24
sample_011454,1,0.48
sample_011456,0,0.51
sample_011458,1,0.22
sample_011459,1,0.22
sample_011466,0,0.33
sample_011473,0,0.3
sample_011481,0,0.32
sample_011485,0,0.2
sample_011506,1,0.39
sample_011508,0,0.53
sample_011510,0,0.22
sample_011515,0,0.28
sample_011519,1,0.22
sample_011522,0,0.38
sample_011524,0,0.26
sample_011525,1,0.22
sample_011530,1,0.45
sample_011539,1,0.34
sample_011554,0,0.24
sample_011558,0,0.15
sample_011565,0,0.22
sample_011569,1,0.28
sample_011585,0,0.46
sample_011588,1,0.29
sample_011597,0,0.37
sample_011598,0,0.26
sample_011600,0,0.36
sample_011601,1,0.29
sample_011603,1,0.17
sample_011616,0,0.24
sample_011622,0,0.26
sample_011624,0,0.25
sample_011631,1,0.43
sample_011637,0,0.26
sample_011638,0,0.27
sample_011639,0,0.21
sample_011640,1,0.4
sample_011649,1,0.41
sample_011650,0,0.36
sample_011651,0,0.5
sample_011652,0,0.31
sample_011657,1,0.21
sample_011660,1,0.33
sample_011661,1,0.26
sample_011663,1,0.36
sample_011666,0,0.27
sample_011674,0,0.47
sample_011675,0,0.28
sample_011679,0,0.3
sample_011680,0,0.21
sample_011687,1,0.4
sample_011695,0,0.25
sample_011699,0,0.33
sample_011710,1,0.32
sample_011711,0,0.33
sample_011733,0,0.32
sample_011736,0,0.39
sample_011737,0,0.22
sample_011741,0,0.32
sample_011742,0,0.24
sample_011747,0,0.48
sample_011762,0,0.18
sample_011763,0,0.32
sample_011765,0,0.21
sample_011766,0,0.32
sample_011770,0,0.22
sample_011771,0,0.24
sample_011772,0,0.36
sample_011777,0,0.33
sample_011789,0,0.33
sample_011791,0,0.25
sample_011819,0,0.31
sample_011832,1,0.32
sample_011838,0,0.4
sample_011847,1,0.28
sample_011850,0,0.24
sample_011852,1,0.47
sample_011854,0,0.34
sample_011857,0,0.2
sample_011860,1,0.4
sample_011863,1,0.15
sample_011866,0,0.26
sample_011870,1,0.19
sample_011872,0,0.31
sample_011874,1,0.41
sample_011877,0,0.28
sample_011879,1,0.36
sample_011895,0,0.36
sample_011898,0,0.34
sample_011901,1,0.43
sample_011905,1,0.5
sample_011910,1,0.27
sample_011918,0,0.29
sample_011922,0,0.39
sample_011924,0,0.47
sample_011928,0,0.31
sample_011930,0,0.24
sample_011931,0,0.32
sample_011933,0,0.18
sample_011945,1,0.21
sample_011947,0,0.24
sample_011970,0,0.33
sample_011978,0,0.3
sample_011983,0,0.32
sample_011986,0,0.23
sample_011993,0,0.17
sample_012003,1,0.24
sample_012008,0,0.34
sample_012014,0,0.39
sample_012015,0,0.32
sample_012022,1,0.33
sample_012030,0,0.58
sample_012037,1,0.29
sample_012042,1,0.28
sample_012045,0,0.3
sample_012049,0,0.34
sample_012057,0,0.24
sample_012072,0,0.28
sample_012076,0,0.35
sample_012078,0,0.2
sample_012081,0,0.22
sample_012089,0,0.3
sample_012094,0,0.19
sample_012095,0,0.17
sample_012096,0,0.15
sample_012102,1,0.37
sample_012109,0,0.34
sample_012116,0,0.3
sample_012117,1,0.39
sample_012125,1,0.42
sample_012128,0,0.38
sample_012129,0,0.37
sample_012133,0,0.3
sample_012142,0,0.21
sample_012143,0,0.25
sample_012144,0,0.37
sample_012160,0,0.39
sample_012162,0,0.33
sample_012167,1,0.12
sample_012168,0,0.35
sample_012174,0,0.33
sample_012186,1,0.46
sample_012201,1,0.34
sample_012210,0,0.25
sample_012214,0,0.23
sample_012215,0,0.38
sample_012219,0,0.23
sample_012226,0,0.2
sample_012233,0,0.32
sample_012239,1,0.28
sample_012242,1,0.22
sample_012250,0,0.25
sample_012251,1,0.59
sample_012252,1,0.39
sample_012254,1,0.3
sample_012257,0,0.39
sample_012266,0,0.25
sample_012270,1,0.14
sample_012279,0,0.36
sample_012280,0,0.38
sample_012282,0,0.3
sample_012293,0,0.28
sample_012297,0,0.22
sample_012304,1,0.46
sample_012310,0,0.22
sample_012313,0,0.33
sample_012314,0,0.16
sample_012315,0,0.41
sample_012320,0,0.27
sample_012322,0,0.2
sample_012329,0,0.25
sample_012330,0,0.17
sample_012331,1,0.35
sample_012332,1,0.24
sample_012334,0,0.59
sample_012354,0,0.28
sample_012359,0,0.21
sample_012366,1,0.28
sample_012370,0,0.3
sample_012378,0,0.27
sample_012381,0,0.27
sample_012383,0,0.29
sample_012391,1,0.27
sample_012402,0,0.26
sample_012404,1,0.39
sample_012406,0,0.2
sample_012411,1,0.18
sample_012424,0,0.22
sample_012425,1,0.21
sample_012426,0,0.17
sample_012431,0,0.4
sample_012438,0,0.35
sample_012447,1,0.14
sample_012450,1,0.4
sample_012454,0,0.43
sample_012458,0,0.25
sample_012466,0,0.57
sample_012470,1,0.42
sample_012476,0,0.36
sample_012484,1,0.34
sample_012489,1,0.32
sample_012490,1,0.22
sample_012502,0,0.39
sample_012508,0,0.23
sample_012509,1,0.17
sample_012513,0,0.33
sample_012519,0,0.28
sample_012531,0,0.3
sample_012543,0,0.18
sample_012551,0,0.33
sample_012556,0,0.34
sample_012566,1,0.26
sample_012576,0,0.47
sample_012580,1,0.23
sample_012583,1,0.34
sample_012588,1,0.34
sample_012590,1,0.18
sample_012591,0,0.45
sample_012595,0,0.32
sample_012596,0,0.13
sample_012602,0,0.18
sample_012616,0,0.17
sample_012618,0,0.26
sample_012619,0,0.38
sample_012625,0,0.41
sample_012629,1,0.57
sample_012633,0,0.21
sample_012648,0,0.29
sample_012653,0,0.4
sample_012654,0,0.3
sample_012659,1,0.19
sample_012677,1,0.25
sample_012693,1,0.28
sample_012695,0,0.31
sample_012708,0,0.43
sample_012710,0,0.2
sample_012723,1,0.15
sample_012726,1,0.22
sample_012729,0,0.19
sample_012742,0,0.43
sample_012744,1,0.26
sample_012745,0,0.17
sample_012754,0,0.3
sample_012756,0,0.25
sample_012760,0,0.27
sample_012767,1,0.26
sample_012772,0,0.48
sample_012773,0,0.36
sample_012780,0,0.45
sample_012792,1,0.24
sample_012806,0,0.43
sample_012815,0,0.57
sample_012817,1,0.12
sample_012820,0,0.34
sample_012822,0,0.29
sample_012831,0,0.22
sample_012833,0,0.31
sample_012834,0,0.39
sample_012835,0,0.37
sample_012841,0,0.46
sample_012842,0,0.34
sample_012852,1,0.31
sample_012857,0,0.37
sample_012858,0,0.35
sample_012861,1,0.29
sample_012866,0,0.4
sample_012869,0,0.47
sample_012875,0,0.36
sample_012876,0,0.29
sample_012878,0,0.41
sample_012879,0,0.33
sample_012880,1,0.09
sample_012881,1,0.22
sample_012889,1,0.24
sample_012894,0,0.39
sample_012895,0,0.54
sample_012904,1,0.21
sample_012905,0,0.36
sample_012908,1,0.39
sample_012912,1,0.27
sample_012913,0,0.36
sample_012919,0,0.31
sample_012927,0,0.41
sample_012928,0,0.43
sample_012933,0,0.37
sample_012945,0,0.33
sample_012948,1,0.49
sample_012949,0,0.42
sample_012952,0,0.33
sample_012960,0,0.24
sample_012962,1,0.35
sample_012965,0,0.19
sample_012968,0,0.17
sample_012969,0,0.3
sample_012975,1,0.12
sample_012977,0,0.33
sample_012983,1,0.33
sample_012986,1,0.23
sample_012990,1,0.28
sample_012991,0,0.35
sample_012999,0,0.23
sample_013015,0,0.3
sample_013020,0,0.26
sample_013023,0,0.25
sample_013027,0,0.4
sample_013030,0,0.28
sample_013035,0,0.42
sample_013040,0,0.37
sample_013041,0,0.36
sample_013042,1,0.47
sample_013043,1,0.23
sample_013048,1,0.36
sample_013051,0,0.26
sample_013060,1,0.28
sample_013083,1,0.09
sample_013092,0,0.27
sample_013097,0,0.3
sample_013105,0,0.21
sample_013110,0,0.31
sample_013111,0,0.21
sample_013113,0,0.42
sample_013117,0,0.34
sample_013118,1,0.23
sample_013120,0,0.27
sample_013123,0,0.19
sample_013124,0,0.32
sample_013126,0,0.5
sample_013132,0,0.21
sample_013134,0,0.37
sample_013135,1,0.33
sample_013140,1,0.34
sample_013146,1,0.35
sample_013147,0,0.39
sample_013158,1,0.3
sample_013159,0,0.39
sample_013164,0,0.19
sample_013169,0,0.31
sample_013173,1,0.19
sample_013179,0,0.46
sample_013180,0,0.17
sample_013200,0,0.24
sample_013208,0,0.3
sample_013209,1,0.43
sample_013210,0,0.58
sample_013214,0,0.37
sample_013216,0,0.32
sample_013232,1,0.19
sample_013233,0,0.29
sample_013248,0,0.3
sample_013249,0,0.34
sample_013254,0,0.29
sample_013275,0,0.22
sample_013285,1,0.21
sample_013296,1,0.36
sample_013313,0,0.25
sample_013321,0,0.32
sample_013325,0,0.18
sample_013326,0,0.23
sample_013333,1,0.34
sample_013334,0,0.34
sample_013348,0,0.19
sample_013349,0,0.11
sample_013361,0,0.24
sample_013363,0,0.16
sample_013367,1,0.17
sample_013369,0,0.34
sample_013371,0,0.26
sample_013372,0,0.25
sample_013385,0,0.39
sample_013388,0,0.27
sample_013400,1,0.42
sample_013402,0,0.26
sample_013404,0,0.28
sample_013409,1,0.36
sample_013411,0,0.36
sample_013415,0,0.27
sample_013416,0,0.17
sample_013419,1,0.4
sample_013423,0,0.19
sample_013424,1,0.28
sample_013430,0,0.37
sample_013444,0,0.48
sample_013454,0,0.24
sample_013455,1,0.24
sample_013457,0,0.31
sample_013465,0,0.42
sample_013466,0,0.37
sample_013471,0,0.37
sample_013486,0,0.38
sample_013497,0,0.29
sample_013505,1,0.37
sample_013507,1,0.25
sample_013509,0,0.22
sample_013517,1,0.24
sample_013518,0,0.25
sample_013525,1,0.51
sample_013526,1,0.32
sample_013528,0,0.32
sample_013547,0,0.4
sample_013548,1,0.55
sample_013553,0,0.12
sample_013558,0,0.28
sample_013559,0,0.26
sample_013564,0,0.3
sample_013567,0,0.26
sample_013574,0,0.26
sample_013586,1,0.24
sample_013590,0,0.25
sample_013605,0,0.2
sample_013611,1,0.27
sample_013617,0,0.48
sample_013624,0,0.25
sample_013632,0,0.32
sample_013633,0,0.39
sample_013636,1,0.16
sample_013639,0,0.19
sample_013648,0,0.36
sample_013649,0,0.21
sample_013661,0,0.32
sample_013665,1,0.2
sample_013679,0,0.25
sample_013680,1,0.26
sample_013686,0,0.42
sample_013687,1,0.42
sample_013689,1,0.21
sample_013691,0,0.43
sample_013696,1,0.38
sample_013702,1,0.25
sample_013708,1,0.39
sample_013713,0,0.24
sample_013722,0,0.13
sample_013723,0,0.43
sample_013728,0,0.36
sample_013733,1,0.38
sample_013745,0,0.13
sample_013746,1,0.34
sample_013753,0,0.36
sample_013757,1,0.39
sample_013760,0,0.32
sample_013763,1,0.42
sample_013765,0,0.18
sample_013769,0,0.37
sample_013772,1,0.39
sample_013778,1,0.17
sample_013784,0,0.26
sample_013796,1,0.36
sample_013802,1,0.49
sample_013807,0,0.28
sample_013808,0,0.45
sample_013812,0,0.41
sample_013816,0,0.32
sample_013819,0,0.21
sample_013827,0,0.46
sample_013828,0,0.36
sample_013829,0,0.26
sample_013833,1,0.25
sample_013834,0,0.14
sample_013836,1,0.27
sample_013843,0,0.27
sample_013846,0,0.26
sample_013851,0,0.25
sample_013853,0,0.2
sample_013868,0,0.23
sample_013874,0,0.21
sample_013878,0,0.28
sample_013881,0,0.28
sample_013882,0,0.41
sample_013885,1,0.38
sample_013889,0,0.31
sample_013891,1,0.19
sample_013895,0,0.37
sample_013900,0,0.37
sample_013913,1,0.31
sample_013919,0,0.42
sample_013920,0,0.33
sample_013925,0,0.43
sample_013928,1,0.16
sample_013930,0,0.31
sample_013936,0,0.27
sample_013943,0,0.26
sample_013944,0,0.24
sample_013946,0,0.32
sample_013950,1,0.33
sample_013959,0,0.44
sample_013967,1,0.41
sample_013970,0,0.2
sample_013971,0,0.24
sample_013972,1,0.25
sample_013977,0,0.19
sample_013980,0,0.24
sample_013987,0,0.26
sample_013994,1,0.24
sample_014003,0,0.27
sample_014008,0,0.14
sample_014010,1,0.36
sample_014023,0,0.29
sample_014024,0,0.22
sample_014025,0,0.49
sample_014035,1,0.38
sample_014039,0,0.26
sample_014048,1,0.43
sample_014053,0,0.17
sample_014054,0,0.23
sample_014058,0,0.26
sample_014062,0,0.38
sample_014069,0,0.18
sample_014071,0,0.28
sample_014073,1,0.22
sample_014079,0,0.2
sample_014084,0,0.36
sample_014093,1,0.47
sample_014098,0,0.38
sample_014104,1,0.28
sample_014107,0,0.4
sample_014108,1,0.16
sample_014120,0,0.26
sample_014125,1,0.33
sample_014130,0,0.34
sample_014133,0,0.23
sample_014134,1,0.41
sample_014142,0,0.25
sample_014145,0,0.2
sample_014156,1,0.27
sample_014157,0,0.47
sample_014158,1,0.35
sample_014165,0,0.33
sample_014178,0,0.22
sample_014197,1,0.29
sample_014204,1,0.34
sample_014205,0,0.34
sample_014212,0,0.38
sample_014223,0,0.29
sample_014229,0,0.4
sample_014230,0,0.38
sample_014232,0,0.25
sample_014234,1,0.35
sample_014236,1,0.21
sample_014238,0,0.38
sample_014241,1,0.33
sample_014243,0,0.34
sample_014248,0,0.26
sample_014251,1,0.27
sample_014260,0,0.28
sample_014265,0,0.25
sample_014281,0,0.34
sample_014287,1,0.22
sample_014288,1,0.16
sample_014294,1,0.18
sample_014297,0,0.23
sample_014299,1,0.18
sample_014301,0,0.42
sample_014315,1,0.45
sample_014336,0,0.27
sample_014338,0,0.47
sample_014343,1,0.19
sample_014346,0,0.3
sample_014347,0,0.35
sample_014351,0,0.43
sample_014368,1,0.46
sample_014381,0,0.47
sample_014382,0,0.16
sample_014386,1,0.33
sample_014388,0,0.21
sample_014389,0,0.28
sample_014392,0,0.23
sample_014397,0,0.3
sample_014403,1,0.49
sample_014405,0,0.15
sample_014406,0,0.36
sample_014407,0,0.28
sample_014410,0,0.34
sample_014432,0,0.22
sample_014437,0,0.18
sample_014449,1,0.34
sample_014451,0,0.28
sample_014454,0,0.21
sample_014456,0,0.34
sample_014460,1,0.17
sample_014462,0,0.38
sample_014476,1,0.2
sample_014477,1,0.33
sample_014478,0,0.26
sample_014481,0,0.33
sample_014486,0,0.34
sample_014489,0,0.32
sample_014492,0,0.29
sample_014493,0,0.21
sample_014499,0,0.14
sample_014521,1,0.24
sample_014522,1,0.58
sample_014530,0,0.31
sample_014542,0,0.29
sample_014548,0,0.2
sample_014555,0,0.53
sample_014561,0,0.24
sample_014570,0,0.36
sample_014575,0,0.28
sample_014578,0,0.31
sample_014580,0,0.35
sample_014583,0,0.34
sample_014591,1,0.34
sample_014594,0,0.21
sample_014595,1,0.36
sample_014597,1,0.36
sample_014599,1,0.38
sample_014607,0,0.32
sample_014618,1,0.36
sample_014623,1,0.46
sample_014629,0,0.24
sample_014637,0,0.38
sample_014640,0,0.31
sample_014642,1,0.26
sample_014646,1,0.22
sample_014647,0,0.41
sample_014648,1,0.21
sample_014653,0,0.15
sample_014654,0,0.33
sample_014656,0,0.46
sample_014659,1,0.31
sample_014662,0,0.28
sample_014664,0,0.3
sample_014669,0,0.17
sample_014671,1,0.22
sample_014678,0,0.26
sample_014683,0,0.43
sample_014690,1,0.29
sample_014698,0,0.35
sample_014702,0,0.28
sample_014706,0,0.47
sample_014708,0,0.21
sample_014723,0,0.24
sample_014724,1,0.33
sample_014726,0,0.43
sample_014728,1,0.3
sample_014733,0,0.28
sample_014734,0,0.36
sample_014736,0,0.24
sample_014740,1,0.45
sample_014746,0,0.16
sample_014747,0,0.16
sample_014750,0,0.31
sample_014758,1,0.25
sample_014764,1,0.2
sample_014767,1,0.48
sample_014771,1,0.56
sample_014781,1,0.31
sample_014784,0,0.32
sample_014797,0,0.26
sample_014810,0,0.18
sample_014811,0,0.12
sample_014812,0,0.54
sample_014818,0,0.22
sample_014836,0,0.42
sample_014843,0,0.21
sample_014857,0,0.42
sample_014858,0,0.19
sample_014859,1,0.33
sample_014860,0,0.22
sample_014861,0,0.26
sample_014863,0,0.26
sample_014866,0,0.43
sample_014874,1,0.3
sample_014881,0,0.46
sample_014885,1,0.26
sample_014889,1,0.36
sample_014898,0,0.29
sample_014903,0,0.37
sample_014910,0,0.38
sample_014915,0,0.18
sample_014917,0,0.25
sample_014930,0,0.13
sample_014932,0,0.21
sample_014936,1,0.25
sample_014949,0,0.42
sample_014950,0,0.29
sample_014957,1,0.19
sample_014958,0,0.32
sample_014963,0,0.23
sample_014974,0,0.34
sample_014979,1,0.31
sample_014981,0,0.32
sample_014982,1,0.44
sample_014984,1,0.26
sample_014985,0,0.25
sample_014990,1,0.21
sample_014993,0,0.27
sample_015001,1,0.3
sample_015002,0,0.38
sample_015006,0,0.15
sample_015014,1,0.35
sample_015018,0,0.25
sample_015019,0,0.37
sample_015021,1,0.34
sample_015040,0,0.41
sample_015041,0,0.25
sample_015047,0,0.66
sample_015048,0,0.38
sample_015052,0,0.23
sample_015054,0,0.36
sample_015056,0,0.27
sample_015063,0,0.36
sample_015064,0,0.23
sample_015066,0,0.36
sample_015070,1,0.32
sample_015071,0,0.28
sample_015073,0,0.44
sample_015074,1,0.19
sample_015079,0,0.27
sample_015083,0,0.27
sample_015088,0,0.26
sample_015092,0,0.27
sample_015109,0,0.32
sample_015111,1,0.22
sample_015115,1,0.18
sample_015116,0,0.16
sample_015120,0,0.18
sample_015122,0,0.37
sample_015125,0,0.38
sample_015134,1,0.38
sample_015136,0,0.31
sample_015137,0,0.3
sample_015140,1,0.44
sample_015143,0,0.29
sample_015148,1,0.34
sample_015153,0,0.26
sample_015154,0,0.31
sample_015156,0,0.49
sample_015158,0,0.43
sample_015159,0,0.5
sample_015161,0,0.2
sample_015174,1,0.28
sample_015176,0,0.2
sample_015179,0,0.28
sample_015184,0,0.31
sample_015188,0,0.27
sample_015189,0,0.33
sample_015196,1,0.33
sample_015197,1,0.42
sample_015199,0,0.31
sample_015201,0,0.24
sample_015209,0,0.29
sample_015215,0,0.22
sample_015216,1,0.22
sample_015217,0,0.28
sample_015219,0,0.21
sample_015220,1,0.21
sample_015226,0,0.25
sample_015229,1,0.2
sample_015230,0,0.27
sample_015233,0,0.34
sample_015234,0,0.26
sample_015237,0,0.21
sample_015246,1,0.4
sample_015249,0,0.43
sample_015257,0,0.43
sample_015258,1,0.33
sample_015259,0,0.11
sample_015269,0,0.37
sample_015271,0,0.28
sample_015274,0,0.51
sample_015278,0,0.25
sample_015289,1,0.4
sample_015293,0,0.35
sample_015294,0,0.16
sample_015302,0,0.34
sample_015305,0,0.42
sample_015307,1,0.48
sample_015317,0,0.38
sample_015332,0,0.22
sample_015339,0,0.23
sample_015341,0,0.48
sample_015344,1,0.38
sample_015348,0,0.3
sample_015355,1,0.25
sample_015360,1,0.32
sample_015361,0,0.32
sample_015362,0,0.17
sample_015363,0,0.22
sample_015367,0,0.32
sample_015375,0,0.29
sample_015381,0,0.21
sample_015383,1,0.19
sample_015394,1,0.25
sample_015402,1,0.14
sample_015404,1,0.23
sample_015409,0,0.37
sample_015420,0,0.39
sample_015430,0,0.25
sample_015435,0,0.39
sample_015442,0,0.46
sample_015447,0,0.29
sample_015457,0,0.31
sample_015460,0,0.11
sample_015464,1,0.26
sample_015472,0,0.36
sample_015483,1,0.19
sample_015485,1,0.32
sample_015493,0,0.25
sample_015494,0,0.39
sample_015511,1,0.28
sample_015519,0,0.38
sample_015522,0,0.26
sample_015535,1,0.26
sample_015536,0,0.3
sample_015537,0,0.16
sample_015544,1,0.21
sample_015546,0,0.35
sample_015548,0,0.19
sample_015559,1,0.31
sample_015563,0,0.37
sample_015568,0,0.32
sample_015572,1,0.37
sample_015581,0,0.33
sample_015582,0,0.25
sample_015583,0,0.36
sample_015586,0,0.44
sample_015587,0,0.39
sample_015588,0,0.2
sample_015590,0,0.45
sample_015606,1,0.19
sample_015607,0,0.16
sample_015611,1,0.38
sample_015616,0,0.32
sample_015628,1,0.34
sample_015630,0,0.27
sample_015634,0,0.38
sample_015636,0,0.19
sample_015639,1,0.35
sample_015652,1,0.37
sample_015655,0,0.2
sample_015663,0,0.33
sample_015673,1,0.18
sample_015674,1,0.2
sample_015679,0,0.34
sample_015681,0,0.44
sample_015690,0,0.3
sample_015706,0,0.33
sample_015707,0,0.44
sample_015708,0,0.23
sample_015710,0,0.24
sample_015712,0,0.19
sample_015721,0,0.2
sample_015723,0,0.21
sample_015735,0,0.4
sample_015741,1,0.32
sample_015746,0,0.28
sample_015748,0,0.36
sample_015749,0,0.39
sample_015752,0,0.35
sample_015754,1,0.38
sample_015755,1,0.24
sample_015757,0,0.4
sample_015761,0,0.2
sample_015763,0,0.34
sample_015767,0,0.36
sample_015769,0,0.13
sample_015771,0,0.16
sample_015773,1,0.5
sample_015774,1,0.3
sample_015783,0,0.2
sample_015800,0,0.36
sample_015805,0,0.27
sample_015808,1,0.34
sample_015816,1,0.23
sample_015817,1,0.14
sample_015818,0,0.34
sample_015822,1,0.25
sample_015825,0,0.27
sample_015827,0,0.38
sample_015828,0,0.42
sample_015829,0,0.16
sample_015831,0,0.29
sample_015843,0,0.48
sample_015849,0,0.26
sample_015850,0,0.42
sample_015853,1,0.2
sample_015855,0,0.48
sample_015867,1,0.32
sample_015876,0,0.21
sample_015878,0,0.37
sample_015920,1,0.36
sample_015924,0,0.25
sample_015926,0,0.3
sample_015933,0,0.29
sample_015939,1,0.32
sample_015942,0,0.39
sample_015951,0,0.36
sample_015955,1,0.42
sample_015960,0,0.32
sample_015966,0,0.25
sample_015975,1,0.29
sample_015978,0,0.34
sample_015979,0,0.09
sample_015980,0,0.11
sample_015985,0,0.29
sample_015997,1,0.4
sample_016002,0,0.48
sample_016007,0,0.22
sample_016011,0,0.44
sample_016012,0,0.34
sample_016019,1,0.2
sample_016022,0,0.27
sample_016030,0,0.31
sample_016033,0,0.4
sample_016043,1,0.23
sample_016046,1,0.38
sample_016059,0,0.5
sample_016066,0,0.28
sample_016068,0,0.22
sample_016073,1,0.23
sample_016077,0,0.31
sample_016082,0,0.24
sample_016083,1,0.37
sample_016084,1,0.39
sample_016086,0,0.22
sample_016088,0,0.35
sample_016098,0,0.37
sample_016105,0,0.31
sample_016113,1,0.29
sample_016116,1,0.23
sample_016121,0,0.18
sample_016126,1,0.44
sample_016134,0,0.32
sample_016135,0,0.41
sample_016136,0,0.29
sample_016137,0,0.19
sample_016142,1,0.2
sample_016148,0,0.46
sample_016154,0,0.28
sample_016164,0,0.36
sample_016167,1,0.22
sample_016169,0,0.31
sample_016175,0,0.32
sample_016176,0,0.16
sample_016178,0,0.22
sample_016180,1,0.31
sample_016189,0,0.45
sample_016192,1,0.16
sample_016195,0,0.39
sample_016199,1,0.3
sample_016206,1,0.38
sample_016208,0,0.39
sample_016210,1,0.38
sample_016213,0,0.43
sample_016218,1,0.34
sample_016221,0,0.23
sample_016222,0,0.31
sample_016224,0,0.4
sample_016227,1,0.33
sample_016230,0,0.22
sample_016241,0,0.23
sample_016243,0,0.34
sample_016249,0,0.4
sample_016250,0,0.26
sample_016252,0,0.36
sample_016255,1,0.2
sample_016263,0,0.34
sample_016276,0,0.59
sample_016287,0,0.34
sample_016288,0,0.29
sample_016292,1,0.29
sample_016316,0,0.37
sample_016321,1,0.31
sample_016323,1,0.49
sample_016327,0,0.24
sample_016330,0,0.34
sample_016340,0,0.12
sample_016343,1,0.37
sample_016348,0,0.33
sample_016352,0,0.13
sample_016353,1,0.31
sample_016356,0,0.26
sample_016357,0,0.13
sample_016360,0,0.3
sample_016363,0,0.16
sample_016372,0,0.5
sample_016382,0,0.34
sample_016383,0,0.19
sample_016387,0,0.21
sample_016389,0,0.17
sample_016391,0,0.24
sample_016398,0,0.2
sample_016409,1,0.27
sample_016411,0,0.17
sample_016412,1,0.28
sample_016413,1,0.35
sample_016416,1,0.37
sample_016417,0,0.25
sample_016423,1,0.31
sample_016429,0,0.37
sample_016431,1,0.25
sample_016434,0,0.31
sample_016435,0,0.16
sample_016436,0,0.34
sample_016437,1,0.32
sample_016441,0,0.44
sample_016443,0,0.24
sample_016455,1,0.28
sample_016464,0,0.21
sample_016470,0,0.2
sample_016474,1,0.19
sample_016493,0,0.4
sample_016495,0,0.31
sample_016497,0,0.31
sample_016499,1,0.36
sample_016504,0,0.58
sample_016512,0,0.22
sample_016528,0,0.14
sample_016533,0,0.2
sample_016535,0,0.39
sample_016537,0,0.57
sample_016544,0,0.37
sample_016552,0,0.35
sample_016553,1,0.25
sample_016555,0,0.4
sample_016567,0,0.32
sample_016568,1,0.33
sample_016571,0,0.25
sample_016574,0,0.23
sample_016575,1,0.33
sample_016576,1,0.46
sample_016582,0,0.22
sample_016587,0,0.39
sample_016588,0,0.25
sample_016589,0,0.19
sample_016590,0,0.26
sample_016592,0,0.23
sample_016593,0,0.32
sample_016603,1,0.38
sample_016611,0,0.29
sample_016621,1,0.57
sample_016623,1,0.24
sample_016630,0,0.41
sample_016631,0,0.38
sample_016632,0,0.29
sample_016636,1,0.38
sample_016640,0,0.25
sample_016644,0,0.21
sample_016655,0,0.4
sample_016657,0,0.25
sample_016665,0,0.27
sample_016671,0,0.3
sample_016672,1,0.38
sample_016678,0,0.35
sample_016683,1,0.47
sample_016685,0,0.36
sample_016689,0,0.16
sample_016690,1,0.35
sample_016700,1,0.39
sample_016711,0,0.12
sample_016715,1,0.26
sample_016722,0,0.21
sample_016725,1,0.17
sample_016740,0,0.26
sample_016742,1,0.39
sample_016750,1,0.42
sample_016753,0,0.39
sample_016756,0,0.23
sample_016759,0,0.43
sample_016768,1,0.18
sample_016772,0,0.24
sample_016774,0,0.33
sample_016776,0,0.33
sample_016791,0,0.34
sample_016792,1,0.52
sample_016793,1,0.37
sample_016816,0,0.41
sample_016820,0,0.31
sample_016824,0,0.37
sample_016826,0,0.45
sample_016827,0,0.3
sample_016833,1,0.2
sample_016839,1,0.22
sample_016851,0,0.32
sample_016856,0,0.18
sample_016866,1,0.47
sample_016873,1,0.33
sample_016874,0,0.33
sample_016877,0,0.33
sample_016888,0,0.26
sample_016890,0,0.35
sample_016898,1,0.3
sample_016903,0,0.26
sample_016906,0,0.29
sample_016910,1,0.44
sample_016920,0,0.3
sample_016921,0,0.31
sample_016930,0,0.39
sample_016934,0,0.45
sample_016935,0,0.46
sample_016936,0,0.39
sample_016937,0,0.34
sample_016940,1,0.23
sample_016942,0,0.23
sample_016944,0,0.25
sample_016959,1,0.29
sample_016967,0,0.33
sample_016968,1,0.26
sample_016969,0,0.18
sample_016970,0,0.2
sample_016971,1,0.33
sample_016988,1,0.25
sample_016991,0,0.36
sample_016996,0,0.19
sample_017001,0,0.21
sample_017012,0,0.44
sample_017016,0,0.25
sample_017019,1,0.33
sample_017020,0,0.28
sample_017022,0,0.19
sample_017024,1,0.27
sample_017027,1,0.29
sample_017035,1,0.26
sample_017037,0,0.37
sample_017040,0,0.39
sample_017048,0,0.4
sample_017060,0,0.24
sample_017073,0,0.28
sample_017074,0,0.34
sample_017082,0,0.4
sample_017087,0,0.17
sample_017094,1,0.31
sample_017103,0,0.28
sample_017120,0,0.28
sample_017124,0,0.17
sample_017135,1,0.4
sample_017139,1,0.25
sample_017141,1,0.31
sample_017144,1,0.32
sample_017150,0,0.2
sample_017157,0,0.17
sample_017162,0,0.33
sample_017164,1,0.19
sample_017171,0,0.3
sample_017184,0,0.24
sample_017188,0,0.21
sample_017192,0,0.33
sample_017201,1,0.29
sample_017206,0,0.26
sample_017210,1,0.33
sample_017227,1,0.13
sample_017228,0,0.44
sample_017231,0,0.33
sample_017240,0,0.4
sample_017252,0,0.33
sample_017256,0,0.31
sample_017258,1,0.58
sample_017260,1,0.29
sample_017262,1,0.21
sample_017271,1,0.28
sample_017274,0,0.27
sample_017275,0,0.3
sample_017276,0,0.29
sample_017278,0,0.36
sample_017280,0,0.21
sample_017281,0,0.3
sample_017284,0,0.13
sample_017286,0,0.27
sample_017287,0,0.28
sample_017290,0,0.34
sample_017299,1,0.2
sample_017302,0,0.34
sample_017309,0,0.25
sample_017311,0,0.18
sample_017312,1,0.3
sample_017314,0,0.37
sample_017320,0,0.21
sample_017322,0,0.33
sample_017339,0,0.15
sample_017347,0,0.42
sample_017348,0,0.36
sample_017358,1,0.38
sample_017363,0,0.33
sample_017372,0,0.36
sample_017381,1,0.3
sample_017386,0,0.23
sample_017388,1,0.36
sample_017389,0,0.36
sample_017394,0,0.36
sample_017399,1,0.27
sample_017400,1,0.39
sample_017402,0,0.28
sample_017411,0,0.34
sample_017418,0,0.46
sample_017424,0,0.22
sample_017427,0,0.26
sample_017443,0,0.52
sample_017452,0,0.33
sample_017453,0,0.3
sample_017456,1,0.35
sample_017462,0,0.26
sample_017470,1,0.26
sample_017475,0,0.23
sample_017485,0,0.14
sample_017489,1,0.2
sample_017493,0,0.27
sample_017495,0,0.41
sample_017496,0,0.26
sample_017504,0,0.24
sample_017511,0,0.06
sample_017518,1,0.5
sample_017523,1,0.54
sample_017526,1,0.23
sample_017527,1,0.21
sample_017531,0,0.31
sample_017532,0,0.2
sample_017537,1,0.15
sample_017538,1,0.31
sample_017542,0,0.38
sample_017543,1,0.36
sample_017548,1,0.17
sample_017558,0,0.34
sample_017568,1,0.32
sample_017576,0,0.32
sample_017579,1,0.18
sample_017589,0,0.41
sample_017590,0,0.24
sample_017591,1,0.25
sample_017599,1,0.28
sample_017616,0,0.17
sample_017619,0,0.64
sample_017629,1,0.41
sample_017630,1,0.21
sample_017634,0,0.32
sample_017637,0,0.34
sample_017646,0,0.14
sample_017650,0,0.24
sample_017657,1,0.21
sample_017662,1,0.36
sample_017663,1,0.45
sample_017665,0,0.25
sample_017669,0,0.24
sample_017670,0,0.22
sample_017671,1,0.32
sample_017673,0,0.5
sample_017675,0,0.46
sample_017676,0,0.49
sample_017683,0,0.2
sample_017687,1,0.34
sample_017696,0,0.27
sample_017699,1,0.37
sample_017703,1,0.29
sample_017713,0,0.32
sample_017717,0,0.31
sample_017728,0,0.37
sample_017731,0,0.43
sample_017739,0,0.43
sample_017740,0,0.19
sample_017747,0,0.27
sample_017749,0,0.25
sample_017754,0,0.23
sample_017756,1,0.25
sample_017759,0,0.33
sample_017763,0,0.31
sample_017776,1,0.39
sample_017779,1,0.37
sample_017789,0,0.2
sample_017794,1,0.47
sample_017799,1,0.26
sample_017803,0,0.4
sample_017807,1,0.13
sample_017852,0,0.22
sample_017858,0,0.46
sample_017859,0,0.2
sample_017860,1,0.19
sample_017862,0,0.32
sample_017864,1,0.34
sample_017868,0,0.22
sample_017878,0,0.34
sample_017886,0,0.31
sample_017891,0,0.21
sample_017904,0,0.29
sample_017916,0,0.34
sample_017919,1,0.16
sample_017923,0,0.4
sample_017927,0,0.39
sample_017937,0,0.4
sample_017942,0,0.2
sample_017953,0,0.18
sample_017959,1,0.17
sample_017965,1,0.42
sample_017969,0,0.37
sample_017970,0,0.38
sample_017975,0,0.24
sample_017977,0,0.39
sample_017990,0,0.23
sample_017992,0,0.34
sample_018001,0,0.22
sample_018007,1,0.21
sample_018008,0,0.15
sample_018010,0,0.37
sample_018020,0,0.38
sample_018022,1,0.19
sample_018032,1,0.28
sample_018034,1,0.23
sample_018035,1,0.33
sample_018037,1,0.32
sample_018044,1,0.24
sample_018048,0,0.34
sample_018059,0,0.23
sample_018065,1,0.37
sample_018068,0,0.38
sample_018069,1,0.39
sample_018074,0,0.51
sample_018076,0,0.18
sample_018077,0,0.19
sample_018078,0,0.27
sample_018093,0,0.34
sample_018096,0,0.38
sample_018102,0,0.33
sample_018103,0,0.26
sample_018104,0,0.41
sample_018108,0,0.33
sample_018115,0,0.29
sample_018119,1,0.28
sample_018120,1,0.18
sample_018122,1,0.25
sample_018127,1,0.2
sample_018131,0,0.37
sample_018133,0,0.22
sample_018135,1,0.45
sample_018140,0,0.27
sample_018147,0,0.44
sample_018151,1,0.31
sample_018160,0,0.41
sample_018161,1,0.44
sample_018162,1,0.42
sample_018174,1,0.43
sample_018175,1,0.23
sample_018191,0,0.43
sample_018198,0,0.25
sample_018200,1,0.36
sample_018205,0,0.36
sample_018211,0,0.24
sample_018214,0,0.23
sample_018215,0,0.33
sample_018226,1,0.28
sample_018228,1,0.15
sample_018229,0,0.47
sample_018242,0,0.32
sample_018254,1,0.25
sample_018255,0,0.37
sample_018256,0,0.4
sample_018257,0,0.35
sample_018258,1,0.29
sample_018260,0,0.28
sample_018262,0,0.31
sample_018274,0,0.39
sample_018275,0,0.29
sample_018277,0,0.16
sample_018281,0,0.37
sample_018285,0,0.36
sample_018286,0,0.39
sample_018288,1,0.24
sample_018290,1,0.32
sample_018303,1,0.32
sample_018315,1,0.35
sample_018317,1,0.11
sample_018325,0,0.33
sample_018327,0,0.26
sample_018329,0,0.43
sample_018337,0,0.42
sample_018348,1,0.36
sample_018360,0,0.5
sample_018366,1,0.5
sample_018377,0,0.38
sample_018383,0,0.18
sample_018384,0,0.3
sample_018385,1,0.36
sample_018386,0,0.26
sample_018392,0,0.36
sample_018395,0,0.14
sample_018418,1,0.25
sample_018426,0,0.4
sample_018436,0,0.24
sample_018443,0,0.36
sample_018446,0,0.47
sample_018449,0,0.27
sample_018451,0,0.46
sample_018454,1,0.27
sample_018455,0,0.19
sample_018459,0,0.26
sample_018460,0,0.23
sample_018464,0,0.37
sample_018466,0,0.33
sample_018467,0,0.3
sample_018469,0,0.31
sample_018472,0,0.44
sample_018474,1,0.38
sample_018478,0,0.25
sample_018479,0,0.27
sample_018482,1,0.21
sample_018484,0,0.23
sample_018490,1,0.22
sample_018506,0,0.49
sample_018507,0,0.27
sample_018510,0,0.34
sample_018517,0,0.36
sample_018523,1,0.21
sample_018532,0,0.18
sample_018533,0,0.49
sample_018540,1,0.23
sample_018542,0,0.39
sample_018543,0,0.14
sample_018550,1,0.3
sample_018551,1,0.22
sample_018552,0,0.26
sample_018553,0,0.27
sample_018563,0,0.37
sample_018568,0,0.18
sample_018571,0,0.18
sample_018575,1,0.39
sample_018577,0,0.23
sample_018579,0,0.28
sample_018586,1,0.33
sample_018589,0,0.38
sample_018593,1,0.3
sample_018598,0,0.46
sample_018606,1,0.25
sample_018607,0,0.31
sample_018611,0,0.34
sample_018623,0,0.22
sample_018627,0,0.46
sample_018628,1,0.33
sample_018638,1,0.41
sample_018643,0,0.25
sample_018645,0,0.41
sample_018649,0,0.27
sample_018650,0,0.34
sample_018653,1,0.38
sample_018662,0,0.38
sample_018663,0,0.46
sample_018666,0,0.34
sample_018667,1,0.36
sample_018678,0,0.28
sample_018684,0,0.4
sample_018690,0,0.36
sample_018692,0,0.27
sample_018706,0,0.25
sample_018708,1,0.32
sample_018709,0,0.2
sample_018711,0,0.31
sample_018714,0,0.19
sample_018721,1,0.38
sample_018722,1,0.24
sample_018736,0,0.44
sample_018743,1,0.34
sample_018746,0,0.25
sample_018747,0,0.46
sample_018763,0,0.28
sample_018764,1,0.28
sample_018771,1,0.28
sample_018780,0,0.36
sample_018793,1,0.25
sample_018797,1,0.38
sample_018798,1,0.41
sample_018800,0,0.42
sample_018805,1,0.3
sample_018810,0,0.47
sample_018816,0,0.11
sample_018818,0,0.46
sample_018819,0,0.33
sample_018828,1,0.16
sample_018830,1,0.2
sample_018831,0,0.22
sample_018834,0,0.21
sample_018836,0,0.13
sample_018837,0,0.36
sample_018844,0,0.38
sample_018855,1,0.41
sample_018857,1,0.14
sample_018858,0,0.19
sample_018870,0,0.42
sample_018874,1,0.34
sample_018877,1,0.35
sample_018879,0,0.18
sample_018882,0,0.15
sample_018884,1,0.4
sample_018891,0,0.46
sample_018894,0,0.49
sample_018899,0,0.21
sample_018901,0,0.43
sample_018904,0,0.28
sample_018907,1,0.4
sample_018908,0,0.28
sample_018909,0,0.3
sample_018914,0,0.13
sample_018917,1,0.2
sample_018924,0,0.29
sample_018928,0,0.33
sample_018936,1,0.26
sample_018938,0,0.16
sample_018943,1,0.32
sample_018945,1,0.24
sample_018947,1,0.32
sample_018950,1,0.28
sample_018952,1,0.54
sample_018955,1,0.41
sample_018957,1,0.4
sample_018959,1,0.35
sample_018960,0,0.25
sample_018965,0,0.36
sample_018966,0,0.22
sample_018971,0,0.34
sample_018974,0,0.14
sample_018978,0,0.36
sample_018981,1,0.37
sample_018986,1,0.14
sample_018989,0,0.21
sample_018994,1,0.18
sample_019001,0,0.38
sample_019004,1,0.26
sample_019005,0,0.28
sample_019011,1,0.16
sample_019019,0,0.24
sample_019021,1,0.32
sample_019033,0,0.43
sample_019041,0,0.18
sample_019042,0,0.31
sample_019045,0,0.29
sample_019048,0,0.23
sample_019054,0,0.32
sample_019057,0,0.36
sample_019062,1,0.27
sample_019063,0,0.25
sample_019065,0,0.45
sample_019069,0,0.44
sample_019071,0,0.37
sample_019072,0,0.23
sample_019078,0,0.2
sample_019082,0,0.41
sample_019090,0,0.17
sample_019094,0,0.31
sample_019099,0,0.19
sample_019106,0,0.3
sample_019108,1,0.35
sample_019113,0,0.39
sample_019119,1,0.4
sample_019120,0,0.44
sample_019132,0,0.33
sample_019134,0,0.34
sample_019136,0,0.25
sample_019143,0,0.12
sample_019144,0,0.24
sample_019151,1,0.27
sample_019159,0,0.44
sample_019169,1,0.13
sample_019171,1,0.25
sample_019180,1,0.38
sample_019181,0,0.27
sample_019183,1,0.29
sample_019196,0,0.26
sample_019197,0,0.28
sample_019200,0,0.16
sample_019206,1,0.26
sample_019213,0,0.31
sample_019216,1,0.26
sample_019224,0,0.4
sample_019228,0,0.38
sample_019235,0,0.16
sample_019240,0,0.12
sample_019242,0,0.34
sample_019246,1,0.26
sample_019248,1,0.31
sample_019253,0,0.32
sample_019267,1,0.34
sample_019269,1,0.3
sample_019271,1,0.33
sample_019277,0,0.25
sample_019279,0,0.4
sample_019282,0,0.34
sample_019284,1,0.28
sample_019294,1,0.32
sample_019307,0,0.38
sample_019320,0,0.32
sample_019321,1,0.29
sample_019323,0,0.25
sample_019324,0,0.32
sample_019334,0,0.46
sample_019335,1,0.45
sample_019340,1,0.39
sample_019367,0,0.47
sample_019370,0,0.37
sample_019371,1,0.25
sample_019373,1,0.37
sample_019382,1,0.26
sample_019383,0,0.19
sample_019395,0,0.3
sample_019401,0,0.22
sample_019410,0,0.37
sample_019418,0,0.21
sample_019431,0,0.25
sample_019443,0,0.26
sample_019445,0,0.33
sample_019448,0,0.26
sample_019450,0,0.2
sample_019465,0,0.23
sample_019467,0,0.36
sample_019468,0,0.24
sample_019469,0,0.28
sample_019471,1,0.34
sample_019474,0,0.27
sample_019476,0,0.15
sample_019482,0,0.37
sample_019485,0,0.21
sample_019493,0,0.22
sample_019498,0,0.41
sample_019513,0,0.35
sample_019518,0,0.26
sample_019519,0,0.31
sample_019521,0,0.34
sample_019530,1,0.23
sample_019538,0,0.26
sample_019541,0,0.32
sample_019545,0,0.41
sample_019560,0,0.26
sample_019567,1,0.34
sample_019568,0,0.29
sample_019577,0,0.12
sample_019581,0,0.21
sample_019588,0,0.15
sample_019593,0,0.26
sample_019600,0,0.27
sample_019605,0,0.49
sample_019613,0,0.24
sample_019624,0,0.36
sample_019629,0,0.4
sample_019631,0,0.13
sample_019634,0,0.36
sample_019643,0,0.22
sample_019649,0,0.28
sample_019653,0,0.27
sample_019654,0,0.16
sample_019658,1,0.27
sample_019665,0,0.27
sample_019670,1,0.53
sample_019679,1,0.3
sample_019688,1,0.27
sample_019692,0,0.32
sample_019699,0,0.16
sample_019705,0,0.36
sample_019706,0,0.18
sample_019709,0,0.25
sample_019719,0,0.3
sample_019721,0,0.29
sample_019728,1,0.31
sample_019729,0,0.28
sample_019730,0,0.46
sample_019731,0,0.22
sample_019735,0,0.38
sample_019740,0,0.51
sample_019747,1,0.29
sample_019755,0,0.24
sample_019761,1,0.23
sample_019771,1,0.35
sample_019774,1,0.42
sample_019778,0,0.18
sample_019785,0,0.44
sample_019793,0,0.49
sample_019803,0,0.43
sample_019808,0,0.26
sample_019809,0,0.28
sample_019810,0,0.38
sample_019814,0,0.41
sample_019818,0,0.14
sample_019822,1,0.27
sample_019823,0,0.29
sample_019826,0,0.22
sample_019837,0,0.27
sample_019839,1,0.23
sample_019843,1,0.21
sample_019849,0,0.23
sample_019850,0,0.16
sample_019851,0,0.27
sample_019852,0,0.17
sample_019855,1,0.37
sample_019860,1,0.18
sample_019865,1,0.28
sample_019881,1,0.27
sample_019890,0,0.46
sample_019892,0,0.45
sample_019897,0,0.2
sample_019902,0,0.16
sample_019906,0,0.35
sample_019913,0,0.34
sample_019918,1,0.34
sample_019920,0,0.21
sample_019925,0,0.43
sample_019935,0,0.22
sample_019936,1,0.37
sample_019946,0,0.29
sample_019952,0,0.28
sample_019953,0,0.28
sample_019969,0,0.25
sample_019973,1,0.31
sample_019976,0,0.49
sample_019977,0,0.58
sample_019978,0,0.48
sample_019984,0,0.25
sample_019991,1,0.34
sample_019996,0,0.35
sample_019997,0,0.28
sample_019998,0,0.33
sample_020002,0,0.13
sample_020003,0,0.43
sample_020005,1,0.36
sample_020006,1,0.49
sample_020022,0,0.11
sample_020026,0,0.34
sample_020028,0,0.27
sample_020035,1,0.15
sample_020039,0,0.37
sample_020041,1,0.31
sample_020042,1,0.35
sample_020044,0,0.25
sample_020056,0,0.23
sample_020061,0,0.29
sample_020063,1,0.32
sample_020064,1,0.17
sample_020068,0,0.37
sample_020078,1,0.39
sample_020081,0,0.26
sample_020102,0,0.45
sample_020103,0,0.34
sample_020112,0,0.3
sample_020116,0,0.27
sample_020119,0,0.3
sample_020131,0,0.4
sample_020135,0,0.2
sample_020136,0,0.39
sample_020137,0,0.18
sample_020154,0,0.38
sample_020155,0,0.14
sample_020161,1,0.36
sample_020163,1,0.31
sample_020165,0,0.15
sample_020170,1,0.31
sample_020172,0,0.15
sample_020183,1,0.22
sample_020185,0,0.2
sample_020189,0,0.37
sample_020202,0,0.26
sample_020207,0,0.59
sample_020217,0,0.34
sample_020218,1,0.19
sample_020233,1,0.28
sample_020234,0,0.19
sample_020235,0,0.54
sample_020236,0,0.14
sample_020239,0,0.38
sample_020240,0,0.22
sample_020246,0,0.37
sample_020254,0,0.21
sample_020263,1,0.41
sample_020264,0,0.45
sample_020269,0,0.39
sample_020270,0,0.21
sample_020273,1,0.3
sample_020293,1,0.39
sample_020295,0,0.19
sample_020304,0,0.25
sample_020305,1,0.27
sample_020310,0,0.31
sample_020311,0,0.28
sample_020329,0,0.17
sample_020339,1,0.2
sample_020340,1,0.41
sample_020347,0,0.28
sample_020353,0,0.23
sample_020356,0,0.34
sample_020358,0,0.26
sample_020360,1,0.25
sample_020361,0,0.33
sample_020368,0,0.33
sample_020369,0,0.17
sample_020374,0,0.35
sample_020384,0,0.22
sample_020390,0,0.35
sample_020397,0,0.15
sample_020410,0,0.16
sample_020411,1,0.14
sample_020413,0,0.26
sample_020417,1,0.32
sample_020419,0,0.21
sample_020423,0,0.23
sample_020424,1,0.28
sample_020425,0,0.41
sample_020433,1,0.47
sample_020435,0,0.4
sample_020436,0,0.27
sample_020441,0,0.34
sample_020442,0,0.39
sample_020444,0,0.56
sample_020453,0,0.25
sample_020454,0,0.32
sample_020462,0,0.34
sample_020465,0,0.26
sample_020468,0,0.3
sample_020472,0,0.31
sample_020475,1,0.42
sample_020476,0,0.27
sample_020485,0,0.31
sample_020488,1,0.38
sample_020491,0,0.2
sample_020493,0,0.29
sample_020496,0,0.36
sample_020497,0,0.22
sample_020499,0,0.39
sample_020502,0,0.43
sample_020506,0,0.33
sample_020519,0,0.38
sample_020532,0,0.38
sample_020551,0,0.34
sample_020561,0,0.28
sample_020562,0,0.52
sample_020577,0,0.33
sample_020584,0,0.1
sample_020585,1,0.19
sample_020589,0,0.34
sample_020602,1,0.32
sample_020604,0,0.29
sample_020608,1,0.18
sample_020613,0,0.43
sample_020625,0,0.26
sample_020630,1,0.43
sample_020633,0,0.17
sample_020640,0,0.41
sample_020653,0,0.37
sample_020656,0,0.16
sample_020661,0,0.24
sample_020678,0,0.26
sample_020679,0,0.24
sample_020682,0,0.25
sample_020686,0,0.39
sample_020693,1,0.39
sample_020697,0,0.21
sample_020698,1,0.22
sample_020701,0,0.35
sample_020702,0,0.26
sample_020703,1,0.42
sample_020706,1,0.41
sample_020711,0,0.27
sample_020719,0,0.33
sample_020722,1,0.11
sample_020737,0,0.3
sample_020739,0,0.24
sample_020741,0,0.25
sample_020748,0,0.12
sample_020749,0,0.32
sample_020755,0,0.14
sample_020763,1,0.29
sample_020766,1,0.19
sample_020777,0,0.26
sample_020787,1,0.38
sample_020794,1,0.38
sample_020797,0,0.3
sample_020798,0,0.3
sample_020800,0,0.2
sample_020808,0,0.33
sample_020811,0,0.26
sample_020813,0,0.47
sample_020821,0,0.33
sample_020831,0,0.52
sample_020837,0,0.31
sample_020842,0,0.26
sample_020848,0,0.27
sample_020857,0,0.32
sample_020864,0,0.28
sample_020869,0,0.17
sample_020878,1,0.28
sample_020882,1,0.27
sample_020884,1,0.39
sample_020895,0,0.29
sample_020898,0,0.34
sample_020904,1,0.2
sample_020909,0,0.42
sample_020917,1,0.36
sample_020921,0,0.36
sample_020923,0,0.45
sample_020924,1,0.28
sample_020928,0,0.22
sample_020939,0,0.38
sample_020944,1,0.57
sample_020947,0,0.29
sample_020949,0,0.33
sample_020955,1,0.37
sample_020966,1,0.31
sample_020978,0,0.4
sample_020979,0,0.36
sample_020983,1,0.3
sample_020987,0,0.44
sample_020989,0,0.36
sample_021000,1,0.24
sample_021001,0,0.49
sample_021002,1,0.18
sample_021006,1,0.43
sample_021017,0,0.22
sample_021020,0,0.23
sample_021025,1,0.38
sample_021027,0,0.45
sample_021037,0,0.28
sample_021040,1,0.37
sample_021042,1,0.32
sample_021044,1,0.37
sample_021072,0,0.23
sample_021080,1,0.19
sample_021088,0,0.28
sample_021102,0,0.36
sample_021110,1,0.33
sample_021115,0,0.29
sample_021118,0,0.31
sample_021119,0,0.21
sample_021121,0,0.3
sample_021122,0,0.33
sample_021123,1,0.31
sample_021140,1,0.45
sample_021146,0,0.36
sample_021150,1,0.31
sample_021163,0,0.4
sample_021166,0,0.32
sample_021170,1,0.41
sample_021178,0,0.44
sample_021188,0,0.38
sample_021197,1,0.25
sample_021198,1,0.35
sample_021202,1,0.23
sample_021203,0,0.38
sample_021207,1,0.3
sample_021219,1,0.4
sample_021224,0,0.4
sample_021227,0,0.35
sample_021229,0,0.21
sample_021231,0,0.23
sample_021237,0,0.18
sample_021239,0,0.32
sample_021249,0,0.38
sample_021260,0,0.25
sample_021271,0,0.23
sample_021280,0,0.27
sample_021291,0,0.24
sample_021305,1,0.29
sample_021309,1,0.4
sample_021317,0,0.24
sample_021340,0,0.2
sample_021347,1,0.37
sample_021359,1,0.3
sample_021369,0,0.41
sample_021370,0,0.26
sample_021372,0,0.27
sample_021373,0,0.42
sample_021381,1,0.27
sample_021385,0,0.36
sample_021390,1,0.27
sample_021392,1,0.2
sample_021411,0,0.29
sample_021416,0,0.23
sample_021424,0,0.18
sample_021432,0,0.32
sample_021434,0,0.44
sample_021435,0,0.39
sample_021436,0,0.3
sample_021441,0,0.26
sample_021442,1,0.37
sample_021452,0,0.2
sample_021471,0,0.18
sample_021475,0,0.2
sample_021486,0,0.34
sample_021498,0,0.45
sample_021502,1,0.24
sample_021506,1,0.26
sample_021510,0,0.31
sample_021512,0,0.37
sample_021513,0,0.19
sample_021514,0,0.24
sample_021518,0,0.37
sample_021521,1,0.29
sample_021532,0,0.16
sample_021537,0,0.37
sample_021547,1,0.43
sample_021552,0,0.38
sample_021565,0,0.26
sample_021570,0,0.35
sample_021592,0,0.17
sample_021594,0,0.47
sample_021597,1,0.2
sample_021601,1,0.39
sample_021603,0,0.17
sample_021606,0,0.34
sample_021611,1,0.33
sample_021617,0,0.31
sample_021618,0,0.39
sample_021624,0,0.41
sample_021627,1,0.2
sample_021633,0,0.34
sample_021645,1,0.42
sample_021647,0,0.25
sample_021648,1,0.45
sample_021653,0,0.37
sample_021654,1,0.47
sample_021658,1,0.28
sample_021659,1,0.32
sample_021660,0,0.27
sample_021669,0,0.22
sample_021671,0,0.44
sample_021674,0,0.46
sample_021677,0,0.45
sample_021682,0,0.25
sample_021686,0,0.2
sample_021687,1,0.33
sample_021688,0,0.34
sample_021690,1,0.42
sample_021701,1,0.51
sample_021707,0,0.24
sample_021710,1,0.35
sample_021717,0,0.3
sample_021718,0,0.2
sample_021721,0,0.27
sample_021724,0,0.32
sample_021725,0,0.48
sample_021734,0,0.39
sample_021736,0,0.12
sample_021741,0,0.32
sample_021748,0,0.42
sample_021752,1,0.29
sample_021754,0,0.43
sample_021758,0,0.07
sample_021759,0,0.45
sample_021770,0,0.29
sample_021772,1,0.25
sample_021782,1,0.45
sample_021787,0,0.33
sample_021792,0,0.17
sample_021793,1,0.26
sample_021804,0,0.26
sample_021806,0,0.22
sample_021825,0,0.28
sample_021831,0,0.31
sample_021835,1,0.34
sample_021838,0,0.26
sample_021839,0,0.42
sample_021843,0,0.31
sample_021844,1,0.22
sample_021849,0,0.19
sample_021854,1,0.3
sample_021855,1,0.38
sample_021862,0,0.36
sample_021864,0,0.22
sample_021875,0,0.37
sample_021883,0,0.39
sample_021886,0,0.23
sample_021893,1,0.32
sample_021894,0,0.36
sample_021898,0,0.23
sample_021902,1,0.52
sample_021905,0,0.38
sample_021907,0,0.14
sample_021917,1,0.43
sample_021922,0,0.32
sample_021926,0,0.33
sample_021928,0,0.23
sample_021929,0,0.29
sample_021930,1,0.45
sample_021937,0,0.23
sample_021938,1,0.32
sample_021946,1,0.3
sample_021947,0,0.25
sample_021949,0,0.19
sample_021956,1,0.51
sample_021969,0,0.21
sample_021973,1,0.55
sample_021981,0,0.36
sample_021982,0,0.28
sample_021983,0,0.43
sample_021995,0,0.27
sample_022003,1,0.2
sample_022004,0,0.26
sample_022006,0,0.26
sample_022024,0,0.33
sample_022028,1,0.23
sample_022030,0,0.27
sample_022035,1,0.17
sample_022036,0,0.12
sample_022047,0,0.19
sample_022051,0,0.44
sample_022055,0,0.35
sample_022057,1,0.44
sample_022059,0,0.25
sample_022079,0,0.27
sample_022082,0,0.3
sample_022084,0,0.37
sample_022085,0,0.38
sample_022094,1,0.49
sample_022099,0,0.17
sample_022109,0,0.39
sample_022115,1,0.29
sample_022116,1,0.34
sample_022133,0,0.39
sample_022141,0,0.48
sample_022142,0,0.27
sample_022146,0,0.47
sample_022147,0,0.27
sample_022148,1,0.27
sample_022151,1,0.31
sample_022155,0,0.17
sample_022160,0,0.32
sample_022161,0,0.42
sample_022162,0,0.35
sample_022172,0,0.33
sample_022181,0,0.36
sample_022193,0,0.47
sample_022197,0,0.27
sample_022205,0,0.26
sample_022208,0,0.23
sample_022213,1,0.31
sample_022230,0,0.22
sample_022231,0,0.33
sample_022236,1,0.16
sample_022238,1,0.19
sample_022239,0,0.29
sample_022242,1,0.24
sample_022247,1,0.42
sample_022249,0,0.5
sample_022250,1,0.52
sample_022253,0,0.18
sample_022258,0,0.49
sample_022265,0,0.32
sample_022267,1,0.31
sample_022269,0,0.18
sample_022270,1,0.39
sample_022273,1,0.32
sample_022277,1,0.3
sample_022288,1,0.27
sample_022311,0,0.21
sample_022317,0,0.19
sample_022323,0,0.46
sample_022332,0,0.44
sample_022339,1,0.31
sample_022340,0,0.25
sample_022345,0,0.27
sample_022348,0,0.22
sample_022351,1,0.36
sample_022353,1,0.44
sample_022363,1,0.13
sample_022374,1,0.35
sample_022379,1,0.18
sample_022386,0,0.26
sample_022388,1,0.3
sample_022391,0,0.53
sample_022392,0,0.26
sample_022400,0,0.24
sample_022407,0,0.34
sample_022408,0,0.39
sample_022410,1,0.32
sample_022421,1,0.25
sample_022430,0,0.33
sample_022431,0,0.26
sample_022432,0,0.22
sample_022436,1,0.35
sample_022437,1,0.33
sample_022445,0,0.15
sample_022447,0,0.29
sample_022454,1,0.26
sample_022455,0,0.32
sample_022464,1,0.28
sample_022469,0,0.42
sample_022471,1,0.31
sample_022472,1,0.27
sample_022474,1,0.26
sample_022479,0,0.17
sample_022486,1,0.2
sample_022487,1,0.33
sample_022494,0,0.22
sample_022495,1,0.29
sample_022502,0,0.38
sample_022504,0,0.21
sample_022505,0,0.26
sample_022517,1,0.31
sample_022524,1,0.31
sample_022534,0,0.25
sample_022538,1,0.4
sample_022558,0,0.37
sample_022563,1,0.36
sample_022568,0,0.43
sample_022572,0,0.17
sample_022577,0,0.33
sample_022578,0,0.59
sample_022588,0,0.21
sample_022591,1,0.18
sample_022599,0,0.3
sample_022602,0,0.38
sample_022628,0,0.47
sample_022630,1,0.36
sample_022633,1,0.17
sample_022635,0,0.38
sample_022650,0,0.37
sample_022655,0,0.33
sample_022656,0,0.51
sample_022657,0,0.52
sample_022665,0,0.44
sample_022671,1,0.16
sample_022673,0,0.19
sample_022675,0,0.3
sample_022682,1,0.38
sample_022694,1,0.3
sample_022695,1,0.22
sample_022697,1,0.29
sample_022701,1,0.24
sample_022706,0,0.24
sample_022711,0,0.27
sample_022714,0,0.3
sample_022715,0,0.34
sample_022718,0,0.24
sample_022719,0,0.35
sample_022726,0,0.27
sample_022730,0,0.31
sample_022731,0,0.27
sample_022733,0,0.32
sample_022734,1,0.29
sample_022736,0,0.38
sample_022741,0,0.19
sample_022742,0,0.4
sample_022755,0,0.44
sample_022756,1,0.47
sample_022765,0,0.28
sample_022769,0,0.51
sample_022776,0,0.26
sample_022781,0,0.29
sample_022791,1,0.34
sample_022792,0,0.26
sample_022793,0,0.3
sample_022795,1,0.35
sample_022810,0,0.29
sample_022814,0,0.34
sample_022818,0,0.17
sample_022825,1,0.38
sample_022828,0,0.3
sample_022835,1,0.55
sample_022837,0,0.14
sample_022840,1,0.42
sample_022843,1,0.45
sample_022844,1,0.17
sample_022848,0,0.38
sample_022869,0,0.28
sample_022874,1,0.3
sample_022876,0,0.31
sample_022877,0,0.32
sample_022880,0,0.4
sample_022881,0,0.23
sample_022884,1,0.19
sample_022887,0,0.19
sample_022907,1,0.21
sample_022909,0,0.31
sample_022913,0,0.29
sample_022914,0,0.24
sample_022919,1,0.23
sample_022921,1,0.2
sample_022922,0,0.4
sample_022924,0,0.28
sample_022929,0,0.24
sample_022930,0,0.4
sample_022936,0,0.36
sample_022939,0,0.26
sample_022940,0,0.28
sample_022951,0,0.32
sample_022959,0,0.24
sample_022960,0,0.45
sample_022961,1,0.35
sample_022972,0,0.33
sample_022974,1,0.32
sample_022978,1,0.36
sample_022982,1,0.45
sample_023003,0,0.38
sample_023006,0,0.25
sample_023008,0,0.22
sample_023017,0,0.43
sample_023024,0,0.13
sample_023035,1,0.27
sample_023038,0,0.29
sample_023050,1,0.28
sample_023064,0,0.32
sample_023076,0,0.17
sample_023089,0,0.38
sample_023105,0,0.43
sample_023110,0,0.31
sample_023112,1,0.34
sample_023115,0,0.22
sample_023120,1,0.24
sample_023124,0,0.3
sample_023126,0,0.22
sample_023136,0,0.25
sample_023138,0,0.39
sample_023143,1,0.17
sample_023144,1,0.28
sample_023156,0,0.5
sample_023160,1,0.14
sample_023173,1,0.18
sample_023175,0,0.3
sample_023176,0,0.31
sample_023181,0,0.28
sample_023182,0,0.21
sample_023194,0,0.31
sample_023196,0,0.37
sample_023198,0,0.34
sample_023213,0,0.27
sample_023216,0,0.33
sample_023222,0,0.37
sample_023224,0,0.53
sample_023228,0,0.27
sample_023232,0,0.27
sample_023236,0,0.26
sample_023237,1,0.31
sample_023248,1,0.18
sample_023249,0,0.28
sample_023261,0,0.19
sample_023264,1,0.18
sample_023271,0,0.28
sample_023286,0,0.1
sample_023287,0,0.27
sample_023288,1,0.26
sample_023291,0,0.42
sample_023295,0,0.37
sample_023296,0,0.3
sample_023299,0,0.25
sample_023307,0,0.31
sample_023313,0,0.27
sample_023324,0,0.52
sample_023326,1,0.31
sample_023327,0,0.29
sample_023332,1,0.26
sample_023335,1,0.23
sample_023337,1,0.21
sample_023343,1,0.42
sample_023345,0,0.34
sample_023360,1,0.4
sample_023362,0,0.17
sample_023375,0,0.22
sample_023378,0,0.14
sample_023384,1,0.27
sample_023387,1,0.16
sample_023388,0,0.33
sample_023390,1,0.29
sample_023391,0,0.31
sample_023393,1,0.34
sample_023405,0,0.33
sample_023406,0,0.21
sample_023413,1,0.25
sample_023414,0,0.27
sample_023418,0,0.35
sample_023419,0,0.43
sample_023422,0,0.24
sample_023427,0,0.28
sample_023428,0,0.27
sample_023429,0,0.27
sample_023430,1,0.32
sample_023439,0,0.19
sample_023444,1,0.5
sample_023447,0,0.48
sample_023449,0,0.3
sample_023451,1,0.37
sample_023455,0,0.55
sample_023458,0,0.66
sample_023469,0,0.37
sample_023473,0,0.12
sample_023474,0,0.36
sample_023479,1,0.55
sample_023496,1,0.27
sample_023498,1,0.32
sample_023500,1,0.32
sample_023504,0,0.27
sample_023511,0,0.17
sample_023516,0,0.26
sample_023520,0,0.39
sample_023521,1,0.26
sample_023524,0,0.42
sample_023531,1,0.2
sample_023534,0,0.27
sample_023537,1,0.26
sample_023547,1,0.34
sample_023549,0,0.27
sample_023551,0,0.22
sample_023553,0,0.2
sample_023554,0,0.25
sample_023573,0,0.36
sample_023576,0,0.28
sample_023580,0,0.28
sample_023586,0,0.35
sample_023588,1,0.26
sample_023607,0,0.29
sample_023615,1,0.18
sample_023618,0,0.28
sample_023625,0,0.21
sample_023627,1,0.21
sample_023628,0,0.35
sample_023629,0,0.37
sample_023640,0,0.19
sample_023641,0,0.32
sample_023643,0,0.32
sample_023645,0,0.27
sample_023646,1,0.35
sample_023649,0,0.4
sample_023651,0,0.34
sample_023660,0,0.18
sample_023663,1,0.16
sample_023669,0,0.29
sample_023676,0,0.31
sample_023685,0,0.38
sample_023703,0,0.35
sample_023706,0,0.29
sample_023717,0,0.25
sample_023718,0,0.17
sample_023719,0,0.26
sample_023721,0,0.51
sample_023729,0,0.31
sample_023736,1,0.32
sample_023740,0,0.46
sample_023741,0,0.25
sample_023748,1,0.39
sample_023752,1,0.34
sample_023764,0,0.36
sample_023766,1,0.38
sample_023774,0,0.24
sample_023787,0,0.36
sample_023788,0,0.28
sample_023793,1,0.35
sample_023797,0,0.33
sample_023810,0,0.13
sample_023812,0,0.36
sample_023813,1,0.41
sample_023821,1,0.45
sample_023824,0,0.5
sample_023825,1,0.41
sample_023827,0,0.45
sample_023828,1,0.47
sample_023830,0,0.29
sample_023831,0,0.42
sample_023837,0,0.26
sample_023839,0,0.25
sample_023841,0,0.39
sample_023843,1,0.28
sample_023851,0,0.23
sample_023855,1,0.3
sample_023859,0,0.26
sample_023864,1,0.36
sample_023866,0,0.31
sample_023884,0,0.26
sample_023901,1,0.26
sample_023906,0,0.28
sample_023909,1,0.33
sample_023915,0,0.25
sample_023923,1,0.32
sample_023927,0,0.33
sample_023928,0,0.25
sample_023937,0,0.3
sample_023945,1,0.18
sample_023950,1,0.3
sample_023951,1,0.22
sample_023955,0,0.38
sample_023960,0,0.27
sample_023966,0,0.4
sample_023967,0,0.5
sample_023968,0,0.32
sample_023970,1,0.51
sample_023978,0,0.12
sample_023979,1,0.2
sample_023984,0,0.52
sample_023985,0,0.33
sample_023992,0,0.26
sample_023999,0,0.25
sample_024004,1,0.22
sample_024010,0,0.39
sample_024012,0,0.3
sample_024026,1,0.52
sample_024029,1,0.33
sample_024035,0,0.29
sample_024057,0,0.34
sample_024060,1,0.41
sample_024065,1,0.51
sample_024069,0,0.23
sample_024073,0,0.41
sample_024083,0,0.55
sample_024087,1,0.42
sample_024091,0,0.18
sample_024093,0,0.24
sample_024095,1,0.31
sample_024105,1,0.13
sample_024107,0,0.12
sample_024111,0,0.34
sample_024113,1,0.17
sample_024118,1,0.23
sample_024124,0,0.24
sample_024130,0,0.38
sample_024135,0,0.49
sample_024147,0,0.5
sample_024153,0,0.21
sample_024163,0,0.3
sample_024167,1,0.5
sample_024170,0,0.29
sample_024172,0,0.35
sample_024181,0,0.31
sample_024183,0,0.24
sample_024190,0,0.29
sample_024195,0,0.27
sample_024208,0,0.39
sample_024214,1,0.28
sample_024223,1,0.53
sample_024224,0,0.28
sample_024242,0,0.35
sample_024246,0,0.35
sample_024256,0,0.26
sample_024260,0,0.28
sample_024261,0,0.25
sample_024267,0,0.32
sample_024273,0,0.36
sample_024275,1,0.46
sample_024277,0,0.47
sample_024281,0,0.33
sample_024283,0,0.38
sample_024288,0,0.36
sample_024292,0,0.36
sample_024297,0,0.32
sample_024298,0,0.29
sample_024300,1,0.31
sample_024302,1,0.36
sample_024309,0,0.36
sample_024313,0,0.5
sample_024317,0,0.18
sample_024318,0,0.38
sample_024322,0,0.25
sample_024325,1,0.29
sample_024328,0,0.41
sample_024334,0,0.19
sample_024335,0,0.42
sample_024336,0,0.42
sample_024337,0,0.16
sample_024340,1,0.29
sample_024341,0,0.39
sample_024346,1,0.24
sample_024353,0,0.11
sample_024357,0,0.46
sample_024359,0,0.42
sample_024370,1,0.4
sample_024373,1,0.4
sample_024375,1,0.23
sample_024379,0,0.55
sample_024384,1,0.35
sample_024385,1,0.31
sample_024392,0,0.3
sample_024394,0,0.22
sample_024398,0,0.27
sample_024402,0,0.45
sample_024403,1,0.29
sample_024407,1,0.24
sample_024409,0,0.29
sample_024415,0,0.53
sample_024419,0,0.23
sample_024425,0,0.52
sample_024426,0,0.21
sample_024428,1,0.13
sample_024433,0,0.23
sample_024447,0,0.42
sample_024448,0,0.24
sample_024457,0,0.31
sample_024460,1,0.33
sample_024468,0,0.24
sample_024490,0,0.29
sample_024506,0,0.19
sample_024511,0,0.33
sample_024519,1,0.05
sample_024520,1,0.32
sample_024523,1,0.52
sample_024527,0,0.28
sample_024528,0,0.38
sample_024535,0,0.29
sample_024536,0,0.31
sample_024545,1,0.23
sample_024555,0,0.43
sample_024556,0,0.3
sample_024563,1,0.46
sample_024564,1,0.47
sample_024568,1,0.42
sample_024573,0,0.46
sample_024588,0,0.42
sample_024594,0,0.31
sample_024603,1,0.17
sample_024606,0,0.24
sample_024607,0,0.29
sample_024613,0,0.52
sample_024630,0,0.34
sample_024648,0,0.5
sample_024652,0,0.44
sample_024663,1,0.28
sample_024671,0,0.41
sample_024673,0,0.44
sample_024677,0,0.33
sample_024685,0,0.2
sample_024692,0,0.33
sample_024693,0,0.57
sample_024699,0,0.27
sample_024700,1,0.5
sample_024706,1,0.35
sample_024707,1,0.38
sample_024721,0,0.31
sample_024725,0,0.25
sample_024732,0,0.45
sample_024733,0,0.15
sample_024735,0,0.32
sample_024740,0,0.23
sample_024742,0,0.22
sample_024745,0,0.21
sample_024746,0,0.23
sample_024749,1,0.16
sample_024757,0,0.46
sample_024767,0,0.25
sample_024771,0,0.16
sample_024775,0,0.33
sample_024779,0,0.45
sample_024785,0,0.3
sample_024788,0,0.44
sample_024790,0,0.25
sample_024794,1,0.39
sample_024801,1,0.23
sample_024804,0,0.37
sample_024808,0,0.27
sample_024811,0,0.15
sample_024812,0,0.34
sample_024815,1,0.15
sample_024823,0,0.31
sample_024824,0,0.31
sample_024829,0,0.39
sample_024830,0,0.26
sample_024831,0,0.34
sample_024834,1,0.44
sample_024835,0,0.41
sample_024837,1,0.26
sample_024852,0,0.4
sample_024862,0,0.51
sample_024867,1,0.45
sample_024868,0,0.32
sample_024870,1,0.23
sample_024871,1,0.35
sample_024876,1,0.25
sample_024880,1,0.13
sample_024886,0,0.47
sample_024887,0,0.3
sample_024890,1,0.46
sample_024892,0,0.28
sample_024893,0,0.27
sample_024896,0,0.26
sample_024910,0,0.36
sample_024915,0,0.41
sample_024920,1,0.24
sample_024922,0,0.38
sample_024927,0,0.3
sample_024935,1,0.19
sample_024938,0,0.24
sample_024939,0,0.33
sample_024942,0,0.28
sample_024950,0,0.17
sample_024974,1,0.31
sample_024977,0,0.26
sample_024979,0,0.25
sample_024981,0,0.3
sample_024986,1,0.13
sample_024989,1,0.18
sample_024994,0,0.27
sample_024997,1,0.33
sample_025015,0,0.33
sample_025020,0,0.28
sample_025026,0,0.22
sample_025032,0,0.6
sample_025041,0,0.23
sample_025054,1,0.55
sample_025063,0,0.27
sample_025075,0,0.33
sample_025089,0,0.28
sample_025091,1,0.29
sample_025097,1,0.41
sample_025103,0,0.14
sample_025104,0,0.35
sample_025106,0,0.28
sample_025112,0,0.38
sample_025113,0,0.21
sample_025115,1,0.28
sample_025125,1,0.22
sample_025129,0,0.34
sample_025131,1,0.15
sample_025133,0,0.19
sample_025143,1,0.24
sample_025148,0,0.16
sample_025150,0,0.11
sample_025152,1,0.35
sample_025165,1,0.28
sample_025167,0,0.36
sample_025172,0,0.32
sample_025178,0,0.25
sample_025185,0,0.29
sample_025189,0,0.33
sample_025193,0,0.27
sample_025196,0,0.18
sample_025200,0,0.36
sample_025201,0,0.29
sample_025208,0,0.39
sample_025209,0,0.42
sample_025210,0,0.29
sample_025219,0,0.23
sample_025220,1,0.23
sample_025221,1,0.37
sample_025223,1,0.38
sample_025226,0,0.28
sample_025235,0,0.33
sample_025241,1,0.44
sample_025246,0,0.22
sample_025255,1,0.14
sample_025256,0,0.36
sample_025258,0,0.23
sample_025260,0,0.29
sample_025269,0,0.41
sample_025281,0,0.45
sample_025282,0,0.25
sample_025299,0,0.22
sample_025308,0,0.38
sample_025316,0,0.21
sample_025318,0,0.33
sample_025319,0,0.3
sample_025321,0,0.32
sample_025323,0,0.21
sample_025324,0,0.29
sample_025337,1,0.18
sample_025340,0,0.4
sample_025345,0,0.2
sample_025353,1,0.21
sample_025355,0,0.17
sample_025356,0,0.26
sample_025357,0,0.29
sample_025358,0,0.18
sample_025362,0,0.29
sample_025374,0,0.59
sample_025380,0,0.33
sample_025388,0,0.32
sample_025390,0,0.66
sample_025391,0,0.55
sample_025392,0,0.43
sample_025393,1,0.35
sample_025397,0,0.28
sample_025418,0,0.21
sample_025420,1,0.33
sample_025421,1,0.27
sample_025426,0,0.33
sample_025437,0,0.28
sample_025444,1,0.24
sample_025446,1,0.38
sample_025451,0,0.34
sample_025456,1,0.54
sample_025457,1,0.31
sample_025460,1,0.25
sample_025463,0,0.27
sample_025466,0,0.54
sample_025468,1,0.43
sample_025470,0,0.33
sample_025472,1,0.42
sample_025478,0,0.4
sample_025479,0,0.34
sample_025480,0,0.48
sample_025485,1,0.4
sample_025487,0,0.19
sample_025494,0,0.34
sample_025497,0,0.29
sample_025500,0,0.28
sample_025510,0,0.36
sample_025511,0,0.41
sample_025514,0,0.25
sample_025517,0,0.26
sample_025519,1,0.22
sample_025532,0,0.34
sample_025539,0,0.36
sample_025541,0,0.43
sample_025546,0,0.23
sample_025549,0,0.25
sample_025560,1,0.28
sample_025563,0,0.28
sample_025566,0,0.37
sample_025569,1,0.43
sample_025571,0,0.51
sample_025574,0,0.23
sample_025576,0,0.53
sample_025591,1,0.46
sample_025593,0,0.24
sample_025598,0,0.37
sample_025606,1,0.19
sample_025611,0,0.29
sample_025616,0,0.38
sample_025636,1,0.31
sample_025638,0,0.2
sample_025642,0,0.1
sample_025647,0,0.35
sample_025648,1,0.19
sample_025655,1,0.23
sample_025659,0,0.24
sample_025665,1,0.35
sample_025669,0,0.25
sample_025689,0,0.34
sample_025690,1,0.16
sample_025692,1,0.39
sample_025710,0,0.23
sample_025715,1,0.37
sample_025726,0,0.31
sample_025728,0,0.35
sample_025730,0,0.34
sample_025733,0,0.27
sample_025734,0,0.39
sample_025738,0,0.29
sample_025742,0,0.14
sample_025743,0,0.33
sample_025750,1,0.27
sample_025753,0,0.25
sample_025765,0,0.43
sample_025768,0,0.33
sample_025772,0,0.49
sample_025774,1,0.25
sample_025775,0,0.56
sample_025782,0,0.15
sample_025783,1,0.24
sample_025786,0,0.31
sample_025787,0,0.18
sample_025789,0,0.43
sample_025799,1,0.16
sample_025800,1,0.36
sample_025801,0,0.45
sample_025802,0,0.37
sample_025804,0,0.51
sample_025805,0,0.35
sample_025810,0,0.26
sample_025816,1,0.3
sample_025825,0,0.38
sample_025836,1,0.39
sample_025838,1,0.31
sample_025840,1,0.31
sample_025841,0,0.31
sample_025847,0,0.28
sample_025848,1,0.34
sample_025854,0,0.23
sample_025862,1,0.34
sample_025869,1,0.46
sample_025881,1,0.25
sample_025889,0,0.36
sample_025892,0,0.45
sample_025897,1,0.29
sample_025898,0,0.36
sample_025901,0,0.17
sample_025902,1,0.15
sample_025911,0,0.21
sample_025914,1,0.35
sample_025922,0,0.31
sample_025923,0,0.27
sample_025924,0,0.3
sample_025927,0,0.32
sample_025931,0,0.25
sample_025941,0,0.3
sample_025948,0,0.24
sample_025964,0,0.19
sample_025968,0,0.34
sample_025981,0,0.24
sample_025987,0,0.17
sample_025988,1,0.22
sample_025992,0,0.37
sample_025993,1,0.16
sample_025997,0,0.34
sample_025998,1,0.2
sample_025999,1,0.3
sample_026000,0,0.39
sample_026009,0,0.32
sample_026012,0,0.42
sample_026021,0,0.24
sample_026027,0,0.6
sample_026032,0,0.32
sample_026036,0,0.52
sample_026044,0,0.38
sample_026046,0,0.49
sample_026059,0,0.35
sample_026061,0,0.42
sample_026064,1,0.27
sample_026065,1,0.33
sample_026066,1,0.32
sample_026071,1,0.31
sample_026073,0,0.23
sample_026074,1,0.48
sample_026077,0,0.35
sample_026079,1,0.39
sample_026081,0,0.4
sample_026086,0,0.13
sample_026098,0,0.19
sample_026099,0,0.2
sample_026105,0,0.31
sample_026107,0,0.19
sample_026108,0,0.13
sample_026116,0,0.19
sample_026118,0,0.54
sample_026121,0,0.42
sample_026122,0,0.35
sample_026136,0,0.31
sample_026139,0,0.29
sample_026141,0,0.18
sample_026142,1,0.22
sample_026153,0,0.3
sample_026154,0,0.23
sample_026155,0,0.24
sample_026163,0,0.2
sample_026167,0,0.42
sample_026180,0,0.34
sample_026190,0,0.36
sample_026194,0,0.31
sample_026196,0,0.33
sample_026199,0,0.29
sample_026202,1,0.28
sample_026218,0,0.39
sample_026219,1,0.19
sample_026228,0,0.37
sample_026234,1,0.51
sample_026236,0,0.32
sample_026240,0,0.2
sample_026241,0,0.27
sample_026244,0,0.27
sample_026245,0,0.34
sample_026258,0,0.37
sample_026259,0,0.2
sample_026266,0,0.3
sample_026283,0,0.31
sample_026290,1,0.22
sample_026300,0,0.41
sample_026307,1,0.33
sample_026308,0,0.36
sample_026309,0,0.31
sample_026317,0,0.27
sample_026319,1,0.41
sample_026321,0,0.23
sample_026325,0,0.25
sample_026327,0,0.3
sample_026331,0,0.13
sample_026332,0,0.34
sample_026334,0,0.22
sample_026338,0,0.26
sample_026367,0,0.23
sample_026381,1,0.16
sample_026383,0,0.38
sample_026387,0,0.15
sample_026388,1,0.33
sample_026405,1,0.33
sample_026408,0,0.3
sample_026414,0,0.28
sample_026419,1,0.34
sample_026421,0,0.39
sample_026429,0,0.14
sample_026448,0,0.38
sample_026456,0,0.29
sample_026458,0,0.3
sample_026459,0,0.33
sample_026461,0,0.29
sample_026464,0,0.48
sample_026465,0,0.31
sample_026466,0,0.36
sample_026481,0,0.22
sample_026483,0,0.29
sample_026495,0,0.42
sample_026499,1,0.48
sample_026508,0,0.42
sample_026513,0,0.18
sample_026516,0,0.29
sample_026527,1,0.31
sample_026528,0,0.18
sample_026530,0,0.23
sample_026533,1,0.18
sample_026547,1,0.28
sample_026549,0,0.31
sample_026550,1,0.28
sample_026553,0,0.3
sample_026555,0,0.23
sample_026561,0,0.38
sample_026567,0,0.28
sample_026579,0,0.19
sample_026582,0,0.25
sample_026584,1,0.44
sample_026586,0,0.33
sample_026588,1,0.34
sample_026591,0,0.41
sample_026595,0,0.34
sample_026612,0,0.3
sample_026613,0,0.42
sample_026615,0,0.36
sample_026616,1,0.17
sample_026617,0,0.3
sample_026621,0,0.25
sample_026624,0,0.33
sample_026627,1,0.38
sample_026634,1,0.17
sample_026635,1,0.2
sample_026639,0,0.26
sample_026653,1,0.33
sample_026655,0,0.4
sample_026670,0,0.31
sample_026673,1,0.24
sample_026675,0,0.26
sample_026676,0,0.37
sample_026686,1,0.45
sample_026687,0,0.34
sample_026688,0,0.27
sample_026689,1,0.24
sample_026690,0,0.27
sample_026693,0,0.34
sample_026708,0,0.47
sample_026710,0,0.48
sample_026712,0,0.25
sample_026716,0,0.2
sample_026721,1,0.14
sample_026730,0,0.4
sample_026732,0,0.29
sample_026739,0,0.46
sample_026743,1,0.21
sample_026744,0,0.22
sample_026755,0,0.26
sample_026758,1,0.33
sample_026759,0,0.32
sample_026764,0,0.41
sample_026765,0,0.31
sample_026768,0,0.13
sample_026769,0,0.33
sample_026771,0,0.42
sample_026784,0,0.28
sample_026791,0,0.22
sample_026797,0,0.34
sample_026800,1,0.3
sample_026801,1,0.2
sample_026808,0,0.28
sample_026814,1,0.55
sample_026815,0,0.23
sample_026821,0,0.21
sample_026823,0,0.21
sample_026830,1,0.41
sample_026835,0,0.22
sample_026855,0,0.43
sample_026858,0,0.24
sample_026867,0,0.24
sample_026893,0,0.23
sample_026899,0,0.32
sample_026902,0,0.26
sample_026909,1,0.35
sample_026914,0,0.27
sample_026919,1,0.21
sample_026929,1,0.3
sample_026936,1,0.15
sample_026937,1,0.27
sample_026945,0,0.29
sample_026946,0,0.37
sample_026953,0,0.52
sample_026954,0,0.35
sample_026977,1,0.2
sample_026982,0,0.39
sample_026999,0,0.11
sample_027000,1,0.5
sample_027004,0,0.25
sample_027006,1,0.19
sample_027007,1,0.55
sample_027010,0,0.29
sample_027017,1,0.39
sample_027020,0,0.21
sample_027021,1,0.33
sample_027024,0,0.42
sample_027027,0,0.24
sample_027028,1,0.46
sample_027030,1,0.36
sample_027033,0,0.22
sample_027036,0,0.39
sample_027040,0,0.2
sample_027045,1,0.22
sample_027046,0,0.31
sample_027047,0,0.22
sample_027050,0,0.32
sample_027051,0,0.42
sample_027059,0,0.38
sample_027066,0,0.27
sample_027070,1,0.24
sample_027074,0,0.4
sample_027083,0,0.26
sample_027087,0,0.24
sample_027088,0,0.13
sample_027100,0,0.37
sample_027102,0,0.36
sample_027104,0,0.29
sample_027107,0,0.33
sample_027110,1,0.27
sample_027112,1,0.38
sample_027124,0,0.19
sample_027134,0,0.56
sample_027135,1,0.3
sample_027147,0,0.44
sample_027152,0,0.19
sample_027160,0,0.22
sample_027161,0,0.38
sample_027165,1,0.26
sample_027168,0,0.21
sample_027172,0,0.25
sample_027173,1,0.42
sample_027180,1,0.35
sample_027181,0,0.27
sample_027186,0,0.42
sample_027187,1,0.24
sample_027198,0,0.18
sample_027199,0,0.36
sample_027211,0,0.13
sample_027214,0,0.3
sample_027222,0,0.26
sample_027228,1,0.29
sample_027229,1,0.3
sample_027240,0,0.46
sample_027242,0,0.34
sample_027252,0,0.29
sample_027254,0,0.27
sample_027256,0,0.31
sample_027267,1,0.37
sample_027270,0,0.41
sample_027277,0,0.36
sample_027283,0,0.36
sample_027285,1,0.24
sample_027288,1,0.24
sample_027290,0,0.23
sample_027296,1,0.38
sample_027299,0,0.33
sample_027300,0,0.45
sample_027301,0,0.53
sample_027307,1,0.18
sample_027322,1,0.17
sample_027328,0,0.52
sample_027335,0,0.38
sample_027336,1,0.25
sample_027338,0,0.18
sample_027347,0,0.32
sample_027348,0,0.28
sample_027354,0,0.26
sample_027355,1,0.22
sample_027357,0,0.21
sample_027359,0,0.28
sample_027360,0,0.37
sample_027362,0,0.3
sample_027370,0,0.32
sample_027373,0,0.34
sample_027379,0,0.3
sample_027382,0,0.35
sample_027387,0,0.33
sample_027390,0,0.18
sample_027392,1,0.37
sample_027397,1,0.3
sample_027398,0,0.35
sample_027403,0,0.25
sample_027407,0,0.2
sample_027409,0,0.27
sample_027411,0,0.36
sample_027412,0,0.22
sample_027416,1,0.3
sample_027421,0,0.51
sample_027425,0,0.41
sample_027427,0,0.46
sample_027428,1,0.3
sample_027435,0,0.24
sample_027438,0,0.24
sample_027444,0,0.35
sample_027449,0,0.36
sample_027451,0,0.25
sample_027456,0,0.38
sample_027463,1,0.55
sample_027467,0,0.47
sample_027472,0,0.38
sample_027478,1,0.26
sample_027480,0,0.25
sample_027481,0,0.37
sample_027485,0,0.48
sample_027489,0,0.34
sample_027500,1,0.31
sample_027508,0,0.41
sample_027516,0,0.21
sample_027518,0,0.2
sample_027526,0,0.22
sample_027536,1,0.35
sample_027537,0,0.67
sample_027542,0,0.32
sample_027557,0,0.3
sample_027572,0,0.35
sample_027573,0,0.37
sample_027584,0,0.35
sample_027592,0,0.41
sample_027594,1,0.25
sample_027597,1,0.38
sample_027599,0,0.32
sample_027605,0,0.26
sample_027608,0,0.33
sample_027614,0,0.48
sample_027622,0,0.48
sample_027626,0,0.32
sample_027630,0,0.39
sample_027653,1,0.44
sample_027657,0,0.24
sample_027661,1,0.41
sample_027665,0,0.56
sample_027668,0,0.27
sample_027672,1,0.22
sample_027684,0,0.24
sample_027713,0,0.36
sample_027718,0,0.34
sample_027729,0,0.35
sample_027734,1,0.36
sample_027737,0,0.35
sample_027740,1,0.38
sample_027742,1,0.33
sample_027748,1,0.27
sample_027754,0,0.35
sample_027755,0,0.45
sample_027757,0,0.38
sample_027758,1,0.34
sample_027779,0,0.28
sample_027784,0,0.35
sample_027791,1,0.31
sample_027795,1,0.29
sample_027796,1,0.39
sample_027797,0,0.32
sample_027805,0,0.39
sample_027809,0,0.16
sample_027812,1,0.33
sample_027819,0,0.23
sample_027826,1,0.15
sample_027828,0,0.29
sample_027846,0,0.38
sample_027849,1,0.48
sample_027850,0,0.37
sample_027855,1,0.33
sample_027865,0,0.4
sample_027877,0,0.44
sample_027878,0,0.32
sample_027879,0,0.48
sample_027886,0,0.27
sample_027894,0,0.34
sample_027896,0,0.36
sample_027897,0,0.48
sample_027900,0,0.32
sample_027901,1,0.24
sample_027904,0,0.31
sample_027906,0,0.2
sample_027916,0,0.35
sample_027924,1,0.38
sample_027928,1,0.45
sample_027929,0,0.25
sample_027932,0,0.35
sample_027935,1,0.35
sample_027936,1,0.35
sample_027937,0,0.33
sample_027940,0,0.18
sample_027941,0,0.31
sample_027956,0,0.24
sample_027957,0,0.44
sample_027961,0,0.2
sample_027962,0,0.45
sample_027965,0,0.15
sample_027971,1,0.39
sample_027972,1,0.44
sample_027976,1,0.39
sample_027977,0,0.24
sample_027978,0,0.25
sample_027979,1,0.17
sample_027983,0,0.2
sample_027987,1,0.48
sample_027992,0,0.25
sample_027995,0,0.23
sample_027997,0,0.43
sample_028001,0,0.24
sample_028004,0,0.19
sample_028017,1,0.53
sample_028018,1,0.25
sample_028022,0,0.47
sample_028023,0,0.14
sample_028027,0,0.33
sample_028031,1,0.5
sample_028043,1,0.43
sample_028045,0,0.43
sample_028048,0,0.48
sample_028050,0,0.34
sample_028059,1,0.21
sample_028064,1,0.44
sample_028068,0,0.28
sample_028075,0,0.39
sample_028077,0,0.11
sample_028085,1,0.39
sample_028094,0,0.2
sample_028096,0,0.27
sample_028105,0,0.3
sample_028110,1,0.39
sample_028115,0,0.29
sample_028123,0,0.26
sample_028132,0,0.33
sample_028134,0,0.35
sample_028137,0,0.28
sample_028140,0,0.26
sample_028151,0,0.32
sample_028155,0,0.22
sample_028159,0,0.46
sample_028176,1,0.32
sample_028180,0,0.29
sample_028195,0,0.3
sample_028200,0,0.2
sample_028207,0,0.18
sample_028209,1,0.28
sample_028212,0,0.22
sample_028220,0,0.35
sample_028229,0,0.26
sample_028230,0,0.19
sample_028246,0,0.23
sample_028253,0,0.16
sample_028261,0,0.4
sample_028270,0,0.31
sample_028275,0,0.21
sample_028280,0,0.29
sample_028287,0,0.33
sample_028300,0,0.15
sample_028305,1,0.32
sample_028309,1,0.29
sample_028316,0,0.36
sample_028319,0,0.37
sample_028321,1,0.26
sample_028325,0,0.53
sample_028327,0,0.19
sample_028332,0,0.44
sample_028333,0,0.15
sample_028335,0,0.22
sample_028344,0,0.35
sample_028345,0,0.13
sample_028352,0,0.24
sample_028353,0,0.27
sample_028355,0,0.3
sample_028360,0,0.29
sample_028370,0,0.14
sample_028377,1,0.3
sample_028378,0,0.45
sample_028384,0,0.12
sample_028387,0,0.25
sample_028389,0,0.37
sample_028397,1,0.33
sample_028401,0,0.29
sample_028405,0,0.24
sample_028414,0,0.32
sample_028416,0,0.55
sample_028417,0,0.32
sample_028424,0,0.29
sample_028427,0,0.42
sample_028431,0,0.13
sample_028433,1,0.25
sample_028442,0,0.31
sample_028443,0,0.33
sample_028459,0,0.29
sample_028462,0,0.43
sample_028464,1,0.21
sample_028469,0,0.25
sample_028471,1,0.25
sample_028473,1,0.34
sample_028480,0,0.25
sample_028485,0,0.37
sample_028487,0,0.26
sample_028496,0,0.39
sample_028499,0,0.3
sample_028501,0,0.36
sample_028506,0,0.29
sample_028507,0,0.24
sample_028513,0,0.43
sample_028517,0,0.33
sample_028518,0,0.31
sample_028522,1,0.35
sample_028523,0,0.41
sample_028527,0,0.22
sample_028532,1,0.21
sample_028540,0,0.3
sample_028546,1,0.29
sample_028552,0,0.23
sample_028553,0,0.37
sample_028555,0,0.37
sample_028563,0,0.45
sample_028567,0,0.21
sample_028568,0,0.36
sample_028571,1,0.24
sample_028577,1,0.43
sample_028588,0,0.54
sample_028593,1,0.28
sample_028596,0,0.32
sample_028597,0,0.19
sample_028602,0,0.26
sample_028611,1,0.14
sample_028617,1,0.41
sample_028618,0,0.33
sample_028621,0,0.18
sample_028632,0,0.38
sample_028633,0,0.37
sample_028639,0,0.28
sample_028641,1,0.15
sample_028652,0,0.32
sample_028655,1,0.21
sample_028657,1,0.47
sample_028661,0,0.28
sample_028670,0,0.3
sample_028673,0,0.28
sample_028675,0,0.5
sample_028679,0,0.15
sample_028680,0,0.25
sample_028691,0,0.52
sample_028692,0,0.28
sample_028693,0,0.24
sample_028700,0,0.33
sample_028702,1,0.35
sample_028703,0,0.62
sample_028716,1,0.27
sample_028717,1,0.07
sample_028719,0,0.19
sample_028726,1,0.37
sample_028729,1,0.23
sample_028734,0,0.42
sample_028736,0,0.34
sample_028738,0,0.18
sample_028741,0,0.34
sample_028746,0,0.3
sample_028747,0,0.2
sample_028751,0,0.38
sample_028753,0,0.26
sample_028757,0,0.28
sample_028765,0,0.35
sample_028775,1,0.35
sample_028780,1,0.18
sample_028783,0,0.13
sample_028784,0,0.18
sample_028791,0,0.27
sample_028793,0,0.16
sample_028798,0,0.22
sample_028810,1,0.39
sample_028811,0,0.5
sample_028820,0,0.24
sample_028827,1,0.2
sample_028829,0,0.46
sample_028830,1,0.61
sample_028832,0,0.34
sample_028838,0,0.23
sample_028854,0,0.22
sample_028862,0,0.29
sample_028870,1,0.35
sample_028878,0,0.19
sample_028879,0,0.43
sample_028881,1,0.28
sample_028884,1,0.18
sample_028889,0,0.3
sample_028891,1,0.36
sample_028892,0,0.22
sample_028894,0,0.27
sample_028897,0,0.22
sample_028908,1,0.36
sample_028919,0,0.42
sample_028920,0,0.15
sample_028922,0,0.19
sample_028923,1,0.4
sample_028930,0,0.22
sample_028933,0,0.29
sample_028941,0,0.27
sample_028942,1,0.52
sample_028943,0,0.29
sample_028951,0,0.38
sample_028957,0,0.46
sample_028959,0,0.27
sample_028967,1,0.31
sample_028968,0,0.23
sample_028980,0,0.33
sample_028981,0,0.16
sample_028988,0,0.23
sample_028993,0,0.21
sample_028996,0,0.24
sample_028998,0,0.3
sample_028999,1,0.33
sample_029016,0,0.53
sample_029023,1,0.31
sample_029025,0,0.5
sample_029026,1,0.29
sample_029028,0,0.25
sample_029030,1,0.13
sample_029034,0,0.33
sample_029037,0,0.16
sample_029038,0,0.44
sample_029061,0,0.47
sample_029067,1,0.24
sample_029069,1,0.33
sample_029073,0,0.17
sample_029074,0,0.47
sample_029076,0,0.32
sample_029080,0,0.18
sample_029081,0,0.29
sample_029095,0,0.31
sample_029109,0,0.2
sample_029111,0,0.3
sample_029113,0,0.28
sample_029116,1,0.5
sample_029117,0,0.35
sample_029119,0,0.25
sample_029126,0,0.27
sample_029130,1,0.42
sample_029139,0,0.15
sample_029146,0,0.3
sample_029151,0,0.46
sample_029152,0,0.26
sample_029173,1,0.28
sample_029179,0,0.33
sample_029190,0,0.3
sample_029194,0,0.19
sample_029208,0,0.32
sample_029215,0,0.37
sample_029223,0,0.43
sample_029226,0,0.36
sample_029233,1,0.17
sample_029235,0,0.28
sample_029237,0,0.39
sample_029238,0,0.54
sample_029243,0,0.39
sample_029244,0,0.34
sample_029254,1,0.25
sample_029267,0,0.17
sample_029275,1,0.27
sample_029276,0,0.33
sample_029277,0,0.25
sample_029293,1,0.3
sample_029295,0,0.27
sample_029297,0,0.26
sample_029298,0,0.35
sample_029301,0,0.24
sample_029302,0,0.14
sample_029304,0,0.32
sample_029312,0,0.17
sample_029317,0,0.2
sample_029323,1,0.28
sample_029324,0,0.28
sample_029326,0,0.3
sample_029329,0,0.41
sample_029335,0,0.3
sample_029337,0,0.39
sample_029338,1,0.29
sample_029342,0,0.31
sample_029368,0,0.35
sample_029372,0,0.32
sample_029380,0,0.27
sample_029381,1,0.34
sample_029384,0,0.3
sample_029397,0,0.18
sample_029401,0,0.18
sample_029402,1,0.22
sample_029406,0,0.41
sample_029408,0,0.27
sample_029409,0,0.36
sample_029412,0,0.34
sample_029416,0,0.37
sample_029425,1,0.29
sample_029434,0,0.42
sample_029436,0,0.24
sample_029440,0,0.38
sample_029441,0,0.29
sample_029447,1,0.2
sample_029448,0,0.27
sample_029450,0,0.52
sample_029453,0,0.28
sample_029454,0,0.47
sample_029457,1,0.23
sample_029460,0,0.18
sample_029463,0,0.4
sample_029474,0,0.2
sample_029477,1,0.21
sample_029486,1,0.35
sample_029489,0,0.33
sample_029490,1,0.19
sample_029506,0,0.41
sample_029513,1,0.53
sample_029518,1,0.17
sample_029520,0,0.43
sample_029526,1,0.32
sample_029528,1,0.45
sample_029539,0,0.54
sample_029543,0,0.32
sample_029544,0,0.27
sample_029562,1,0.33
sample_029571,1,0.24
sample_029572,0,0.28
sample_029575,0,0.5
sample_029579,0,0.38
sample_029593,1,0.26
sample_029594,1,0.45
sample_029600,0,0.26
sample_029602,0,0.33
sample_029606,0,0.48
sample_029607,0,0.42
sample_029609,1,0.23
sample_029623,0,0.48
sample_029626,0,0.45
sample_029631,0,0.37
sample_029635,1,0.16
sample_029646,0,0.44
sample_029669,0,0.31
sample_029680,0,0.21
sample_029681,0,0.28
sample_029684,0,0.27
sample_029689,1,0.32
sample_029690,1,0.5
sample_029694,0,0.28
sample_029698,1,0.23
sample_029704,0,0.55
sample_029707,0,0.44
sample_029708,1,0.28
sample_029710,1,0.38
sample_029712,1,0.25
sample_029714,1,0.44
sample_029716,0,0.18
sample_029725,1,0.37
sample_029730,1,0.37
sample_029732,0,0.34
sample_029736,0,0.2
sample_029747,0,0.18
sample_029748,1,0.41
sample_029750,1,0.32
sample_029752,1,0.41
sample_029763,0,0.27
sample_029765,0,0.24
sample_029770,0,0.16
sample_029771,0,0.47
sample_029779,0,0.25
sample_029783,0,0.19
sample_029789,0,0.17
sample_029794,1,0.28
sample_029797,0,0.16
sample_029805,1,0.36
sample_029808,1,0.2
sample_029810,0,0.35
sample_029815,0,0.16
sample_029818,0,0.39
sample_029819,0,0.42
sample_029821,0,0.34
sample_029827,0,0.57
sample_029828,1,0.3
sample_029830,0,0.42
sample_029838,1,0.14
sample_029843,0,0.4
sample_029845,0,0.38
sample_029849,0,0.25
sample_029850,0,0.24
sample_029865,1,0.33
sample_029870,1,0.16
sample_029884,0,0.36
sample_029887,0,0.41
sample_029889,0,0.31
sample_029904,1,0.32
sample_029917,0,0.25
sample_029919,0,0.23
sample_029923,1,0.29
sample_029924,1,0.26
sample_029929,1,0.43
sample_029932,1,0.46
sample_029933,0,0.36
sample_029939,0,0.25
sample_029946,0,0.3
sample_029959,0,0.28
sample_029962,0,0.29
sample_029966,0,0.37
sample_029968,0,0.21
sample_029975,0,0.24
sample_029984,0,0.37
sample_029991,1,0.13
sample_029994,0,0.2
sample_030017,0,0.21
sample_030027,1,0.26
sample_030032,1,0.4
sample_030036,1,0.48
sample_030039,0,0.26
sample_030042,0,0.38
sample_030045,0,0.33
sample_030057,0,0.31
sample_030061,0,0.3
sample_030067,0,0.27
sample_030071,0,0.31
sample_030073,1,0.61
sample_030081,1,0.24
sample_030096,1,0.41
sample_030099,0,0.25
sample_030104,1,0.33
sample_030105,0,0.36
sample_030109,0,0.26
sample_030111,0,0.29
sample_030112,0,0.27
sample_030115,0,0.26
sample_030119,0,0.2
sample_030121,0,0.22
sample_030128,1,0.26
sample_030133,0,0.27
sample_030135,0,0.33
sample_030149,0,0.37
sample_030155,1,0.37
sample_030159,0,0.17
sample_030161,0,0.47
sample_030164,0,0.4
sample_030166,1,0.22
sample_030175,0,0.12
sample_030176,0,0.32
sample_030197,1,0.4
sample_030202,1,0.53
sample_030203,0,0.34
sample_030206,0,0.29
sample_030210,1,0.4
sample_030216,0,0.28
sample_030227,1,0.24
sample_030232,1,0.36
sample_030233,0,0.25
sample_030246,1,0.35
sample_030249,0,0.11
sample_030256,0,0.22
sample_030257,0,0.34
sample_030265,0,0.56
sample_030270,0,0.31
sample_030271,0,0.5
sample_030275,1,0.32
sample_030283,0,0.29
sample_030296,0,0.45
sample_030300,1,0.28
sample_030302,0,0.3
sample_030306,0,0.33
sample_030313,0,0.36
sample_030321,1,0.36
sample_030330,0,0.25
sample_030333,0,0.24
sample_030334,0,0.2
sample_030358,1,0.3
sample_030359,0,0.24
sample_030369,1,0.38
sample_030371,0,0.29
sample_030372,1,0.42
sample_030383,1,0.22
sample_030386,0,0.24
sample_030390,0,0.22
sample_030394,0,0.41
sample_030401,0,0.29
sample_030405,0,0.48
sample_030406,0,0.41
sample_030416,0,0.17
sample_030417,1,0.53
sample_030419,1,0.14
sample_030428,1,0.28
sample_030430,0,0.25
sample_030431,1,0.24
sample_030440,0,0.29
sample_030441,1,0.25
sample_030443,0,0.28
sample_030447,0,0.33
sample_030453,1,0.35
sample_030460,0,0.59
sample_030462,0,0.15
sample_030475,1,0.28
sample_030480,1,0.22
sample_030493,0,0.44
sample_030494,1,0.24
sample_030499,0,0.44
sample_030505,0,0.12
sample_030509,0,0.24
sample_030510,0,0.4
sample_030513,0,0.16
sample_030516,0,0.34
sample_030523,0,0.23
sample_030527,0,0.27
sample_030530,1,0.27
sample_030532,0,0.2
sample_030533,0,0.18
sample_030557,1,0.25
sample_030561,0,0.2
sample_030565,0,0.33
sample_030566,1,0.36
sample_030574,0,0.35
sample_030578,1,0.49
sample_030579,1,0.22
sample_030593,1,0.25
sample_030595,0,0.25
sample_030605,0,0.35
sample_030613,1,0.39
sample_030614,1,0.31
sample_030625,0,0.2
sample_030627,0,0.22
sample_030634,0,0.32
sample_030639,0,0.17
sample_030640,1,0.37
sample_030642,0,0.19
sample_030648,0,0.32
sample_030668,0,0.29
sample_030670,0,0.35
sample_030671,0,0.14
sample_030672,0,0.17
sample_030674,0,0.22
sample_030677,0,0.37
sample_030678,0,0.3
sample_030685,1,0.24
sample_030687,0,0.47
sample_030689,1,0.28
sample_030695,0,0.25
sample_030697,0,0.38
sample_030703,0,0.25
sample_030707,0,0.44
sample_030708,0,0.31
sample_030711,0,0.18
sample_030723,1,0.5
sample_030730,0,0.39
sample_030739,0,0.15
sample_030740,0,0.21
sample_030745,1,0.45
sample_030749,0,0.25
sample_030756,1,0.36
sample_030761,0,0.26
sample_030762,1,0.33
sample_030763,0,0.19
sample_030773,0,0.33
sample_030777,1,0.19
sample_030782,0,0.33
sample_030786,0,0.29
sample_030789,1,0.16
sample_030790,0,0.27
sample_030792,0,0.45
sample_030794,1,0.27
sample_030804,1,0.18
sample_030806,0,0.47
sample_030809,0,0.31
sample_030810,1,0.37
sample_030812,0,0.36
sample_030818,0,0.4
sample_030820,0,0.39
sample_030826,0,0.34
sample_030827,1,0.35
sample_030834,1,0.23
sample_030837,1,0.2
sample_030843,0,0.27
sample_030862,0,0.3
sample_030864,0,0.28
sample_030871,0,0.35
sample_030877,0,0.41
sample_030878,1,0.35
sample_030883,0,0.45
sample_030892,0,0.24
sample_030893,0,0.27
sample_030914,0,0.3
sample_030920,0,0.36
sample_030928,1,0.41
sample_030929,1,0.34
sample_030942,0,0.36
sample_030947,0,0.35
sample_030948,0,0.23
sample_030950,0,0.21
sample_030954,0,0.31
sample_030965,1,0.24
sample_030970,1,0.36
sample_030979,0,0.61
sample_030985,0,0.33
sample_031010,1,0.13
sample_031011,0,0.39
sample_031015,0,0.36
sample_031016,0,0.25
sample_031017,0,0.38
sample_031040,0,0.28
sample_031041,0,0.2
sample_031042,1,0.35
sample_031049,0,0.39
sample_031050,0,0.17
sample_031052,1,0.4
sample_031056,0,0.49
sample_031059,0,0.23
sample_031073,0,0.28
sample_031080,1,0.21
sample_031086,1,0.22
sample_031087,0,0.24
sample_031096,1,0.32
sample_031097,0,0.26
sample_031098,0,0.23
sample_031107,0,0.54
sample_031117,1,0.24
sample_031128,0,0.26
sample_031137,1,0.29
sample_031142,1,0.36
sample_031154,0,0.31
sample_031159,0,0.37
sample_031162,1,0.32
sample_031179,1,0.42
sample_031180,0,0.23
sample_031184,1,0.32
sample_031196,1,0.3
sample_031201,0,0.4
sample_031206,0,0.37
sample_031207,0,0.23
sample_031211,0,0.21
sample_031220,0,0.17
sample_031221,0,0.21
sample_031227,0,0.42
sample_031231,0,0.37
sample_031233,1,0.26
sample_031235,0,0.25
sample_031237,0,0.32
sample_031245,0,0.25
sample_031246,1,0.48
sample_031249,0,0.28
sample_031257,0,0.26
sample_031259,0,0.24
sample_031261,0,0.25
sample_031262,0,0.27
sample_031268,0,0.4
sample_031271,0,0.27
sample_031286,0,0.21
sample_031290,0,0.36
sample_031293,1,0.31
sample_031297,0,0.35
sample_031298,0,0.25
sample_031301,1,0.31
sample_031319,0,0.4
sample_031328,0,0.35
sample_031333,0,0.29
sample_031337,0,0.32
sample_031338,1,0.29
sample_031343,0,0.26
sample_031344,0,0.32
sample_031348,0,0.44
sample_031353,0,0.29
sample_031357,0,0.19
sample_031360,1,0.27
sample_031365,1,0.22
sample_031377,0,0.41
sample_031397,0,0.21
sample_031405,0,0.26
sample_031412,0,0.18
sample_031415,0,0.35
sample_031418,0,0.42
sample_031419,0,0.22
sample_031421,0,0.44
sample_031423,1,0.21
sample_031427,0,0.56
sample_031434,0,0.33
sample_031442,1,0.55
sample_031443,0,0.23
sample_031458,1,0.31
sample_031464,1,0.18
sample_031465,0,0.3
sample_031473,1,0.44
sample_031478,0,0.47
sample_031482,1,0.39
sample_031497,0,0.55
sample_031498,0,0.33
sample_031508,1,0.21
sample_031526,1,0.3
sample_031529,0,0.22
sample_031559,0,0.14
sample_031562,0,0.4
sample_031567,0,0.36
sample_031569,0,0.42
sample_031576,1,0.29
sample_031578,0,0.34
sample_031583,1,0.34
sample_031593,1,0.24
sample_031597,0,0.29
sample_031611,0,0.21
sample_031612,0,0.4
sample_031613,0,0.34
sample_031615,0,0.24
sample_031616,0,0.33
sample_031625,0,0.37
sample_031630,0,0.35
sample_031683,0,0.19
sample_031694,0,0.33
sample_031698,0,0.53
sample_031704,0,0.27
sample_031707,0,0.42
sample_031710,0,0.27
sample_031713,1,0.39
sample_031721,1,0.12
sample_031744,0,0.4
sample_031750,0,0.43
sample_031759,1,0.17
sample_031762,0,0.37
sample_031766,0,0.22
sample_031768,1,0.34
sample_031771,0,0.09
sample_031775,0,0.36
sample_031780,1,0.29
sample_031788,1,0.52
sample_031789,0,0.24
sample_031790,1,0.27
sample_031797,0,0.32
sample_031819,0,0.38
sample_031822,0,0.36
sample_031824,1,0.43
sample_031826,1,0.27
sample_031841,0,0.37
sample_031842,1,0.31
sample_031849,0,0.23
sample_031855,0,0.31
sample_031856,0,0.24
sample_031858,0,0.21
sample_031861,0,0.3
sample_031864,0,0.22
sample_031869,1,0.21
sample_031876,1,0.33
sample_031892,0,0.26
sample_031894,1,0.3
sample_031895,0,0.18
sample_031896,0,0.39
sample_031902,0,0.14
sample_031904,0,0.32
sample_031912,0,0.37
sample_031916,0,0.34
sample_031924,0,0.26
sample_031926,1,0.14
sample_031928,0,0.31
sample_031932,0,0.19
sample_031934,1,0.3
sample_031938,0,0.23
sample_031940,0,0.14
sample_031942,0,0.17
sample_031943,0,0.29
sample_031945,0,0.29
sample_031946,0,0.29
sample_031947,0,0.2
sample_031955,0,0.23
sample_031956,0,0.4
sample_031958,0,0.18
sample_031960,1,0.27
sample_031965,0,0.32
sample_031972,0,0.18
sample_031973,0,0.4
sample_031976,0,0.26
sample_031977,0,0.5
sample_031983,0,0.31
sample_031988,0,0.24
sample_031991,0,0.26
sample_031997,1,0.24
sample_032004,1,0.26
sample_032006,0,0.22
sample_032022,0,0.23
sample_032026,0,0.4
sample_032034,1,0.36
sample_032039,0,0.47
sample_032046,1,0.23
sample_032050,0,0.25
sample_032055,0,0.38
sample_032060,0,0.32
sample_032065,0,0.37
sample_032070,0,0.35
sample_032082,0,0.37
sample_032086,0,0.21
sample_032095,0,0.34
sample_032100,0,0.28
sample_032106,0,0.23
sample_032112,0,0.43
sample_032119,0,0.26
sample_032123,0,0.48
sample_032125,1,0.18
sample_032130,0,0.27
sample_032133,0,0.15
sample_032138,1,0.22
sample_032141,1,0.28
sample_032155,1,0.39
sample_032160,0,0.34
sample_032171,0,0.35
sample_032176,1,0.27
sample_032178,0,0.39
sample_032181,1,0.15
sample_032194,0,0.28
sample_032195,0,0.4
sample_032197,0,0.36
sample_032212,0,0.27
sample_032214,0,0.3
sample_032216,0,0.23
sample_032217,0,0.24
sample_032223,0,0.41
sample_032226,0,0.21
sample_032228,0,0.38
sample_032229,0,0.35
sample_032233,0,0.14
sample_032239,1,0.16
sample_032245,0,0.34
sample_032247,0,0.29
sample_032254,0,0.18
sample_032258,0,0.3
sample_032261,0,0.29
sample_032267,0,0.41
sample_032274,0,0.39
sample_032275,0,0.32
sample_032276,0,0.24
sample_032280,0,0.18
sample_032281,0,0.35
sample_032284,0,0.29
sample_032286,0,0.29
sample_032292,1,0.52
sample_032295,0,0.35
sample_032306,0,0.32
sample_032316,0,0.18
sample_032317,0,0.55
sample_032320,1,0.52
sample_032326,0,0.39
sample_032329,0,0.36
sample_032335,1,0.3
sample_032338,0,0.4
sample_032341,1,0.33
sample_032342,0,0.32
sample_032344,0,0.22
sample_032347,0,0.31
sample_032349,0,0.34
sample_032352,1,0.32
sample_032359,1,0.25
sample_032360,1,0.14
sample_032363,0,0.17
sample_032366,0,0.26
sample_032374,1,0.46
sample_032381,0,0.41
sample_032385,0,0.35
sample_032388,1,0.33
sample_032389,0,0.34
sample_032391,0,0.3
sample_032395,0,0.27
sample_032397,0,0.22
sample_032413,1,0.25
sample_032418,0,0.42
sample_032424,0,0.24
sample_032427,0,0.35
sample_032437,1,0.24
sample_032442,0,0.34
sample_032443,1,0.2
sample_032446,0,0.26
sample_032453,0,0.39
sample_032456,1,0.44
sample_032460,1,0.26
sample_032466,0,0.38
sample_032467,0,0.41
sample_032475,0,0.16
sample_032479,0,0.55
sample_032480,0,0.28
sample_032485,1,0.43
sample_032494,0,0.23
sample_032504,1,0.24
sample_032507,1,0.2
sample_032515,0,0.35
sample_032516,0,0.36
sample_032517,1,0.33
sample_032524,0,0.49
sample_032529,0,0.26
sample_032532,0,0.17
sample_032533,1,0.24
sample_032538,1,0.41
sample_032544,0,0.14
sample_032545,0,0.27
sample_032549,1,0.28
sample_032556,0,0.39
sample_032560,0,0.22
sample_032564,1,0.33
sample_032566,0,0.28
sample_032569,1,0.46
sample_032580,1,0.25
sample_032594,0,0.36
sample_032601,0,0.46
sample_032616,0,0.36
sample_032623,1,0.25
sample_032629,0,0.47
sample_032632,0,0.28
sample_032636,0,0.26
sample_032640,0,0.26
sample_032644,0,0.22
sample_032647,0,0.4
sample_032649,0,0.18
sample_032650,0,0.32
sample_032653,0,0.5
sample_032672,0,0.22
sample_032678,1,0.31
sample_032680,1,0.29
sample_032690,0,0.37
sample_032691,1,0.2
sample_032693,1,0.3
sample_032698,0,0.23
sample_032701,0,0.34
sample_032703,0,0.1
sample_032712,0,0.36
sample_032716,0,0.48
sample_032722,0,0.31
sample_032726,0,0.32
sample_032735,1,0.24
sample_032738,1,0.3
sample_032743,0,0.15
sample_032758,1,0.39
sample_032761,0,0.3
sample_032763,0,0.36
sample_032772,0,0.38
sample_032773,1,0.49
sample_032778,0,0.21
sample_032779,1,0.58
sample_032792,0,0.28
sample_032802,0,0.3
sample_032805,0,0.53
sample_032813,1,0.18
sample_032815,0,0.38
sample_032817,0,0.23
sample_032820,0,0.2
sample_032832,0,0.38
sample_032836,0,0.23
sample_032840,0,0.46
sample_032842,1,0.19
sample_032846,0,0.07
sample_032849,0,0.26
sample_032853,1,0.26
sample_032858,0,0.4
sample_032867,1,0.25
sample_032869,1,0.25
sample_032876,1,0.38
sample_032877,0,0.34
sample_032878,0,0.26
sample_032879,0,0.31
sample_032881,0,0.25
sample_032885,1,0.33
sample_032886,0,0.37
sample_032892,1,0.41
sample_032901,0,0.37
sample_032907,0,0.28
sample_032915,0,0.36
sample_032923,0,0.44
sample_032928,0,0.18
sample_032932,1,0.49
sample_032957,0,0.15
sample_032971,0,0.1
sample_032975,0,0.28
sample_032976,0,0.24
sample_032977,1,0.22
sample_032987,0,0.34
sample_032988,0,0.34
sample_032995,0,0.52
sample_032996,0,0.25
sample_032997,0,0.29
sample_033001,0,0.35
sample_033007,0,0.33
sample_033012,0,0.47
sample_033017,0,0.2
sample_033024,0,0.33
sample_033025,0,0.29
sample_033028,0,0.46
sample_033034,1,0.45
sample_033043,1,0.37
sample_033046,1,0.16
sample_033050,1,0.44
sample_033064,1,0.23
sample_033067,0,0.33
sample_033072,0,0.4
sample_033078,0,0.26
sample_033082,0,0.28
sample_033088,1,0.24
sample_033093,0,0.25
sample_033094,0,0.44
sample_033099,0,0.2
sample_033100,0,0.29
sample_033102,0,0.08
sample_033116,0,0.42
sample_033119,1,0.28
sample_033121,1,0.48
sample_033132,0,0.36
sample_033133,0,0.31
sample_033137,0,0.25
sample_033142,0,0.34
sample_033144,0,0.34
sample_033145,0,0.45
sample_033146,0,0.27
sample_033151,0,0.29
sample_033153,0,0.25
sample_033158,0,0.27
sample_033164,0,0.5
sample_033171,0,0.21
sample_033179,0,0.25
sample_033183,0,0.23
sample_033196,0,0.37
sample_033197,0,0.28
sample_033200,0,0.21
sample_033201,0,0.23
sample_033203,1,0.35
sample_033205,0,0.17
sample_033209,1,0.24
sample_033212,0,0.47
sample_033217,0,0.31
sample_033225,1,0.52
sample_033233,1,0.33
sample_033236,0,0.11
sample_033245,0,0.22
sample_033250,0,0.29
sample_033252,0,0.44
sample_033258,1,0.35
sample_033259,0,0.26
sample_033261,1,0.33
sample_033274,1,0.26
sample_033276,1,0.25
sample_033277,1,0.27
sample_033282,0,0.37
sample_033283,1,0.42
sample_033289,0,0.44
sample_033290,1,0.27
sample_033291,0,0.41
sample_033293,0,0.44
sample_033294,1,0.25
sample_033296,0,0.2
sample_033297,0,0.36
sample_033305,0,0.19
sample_033308,1,0.34
sample_033310,1,0.21
sample_033314,0,0.29
sample_033316,0,0.27
sample_033319,1,0.36
sample_033326,1,0.34
sample_033327,0,0.38
sample_033330,0,0.29
sample_033338,0,0.3
sample_033341,0,0.34
sample_033342,0,0.28
sample_033345,1,0.09
sample_033352,0,0.32
sample_033355,1,0.23
sample_033363,1,0.49
sample_033367,1,0.47
sample_033372,1,0.21
sample_033375,1,0.26
sample_033389,0,0.34
sample_033391,1,0.36
sample_033394,0,0.26
sample_033406,0,0.23
sample_033410,1,0.37
sample_033411,0,0.24
sample_033412,0,0.17
sample_033416,0,0.56
sample_033417,1,0.4
sample_033419,0,0.32
sample_033421,0,0.24
sample_033425,1,0.21
sample_033427,0,0.27
sample_033429,1,0.26
sample_033433,0,0.26
sample_033436,0,0.24
sample_033440,0,0.26
sample_033442,0,0.27
sample_033451,1,0.25
sample_033461,0,0.51
sample_033464,0,0.38
sample_033471,1,0.55
sample_033474,0,0.42
sample_033476,0,0.38
sample_033479,1,0.15
sample_033480,0,0.27
sample_033493,0,0.34
sample_033497,0,0.35
sample_033500,1,0.31
sample_033517,0,0.2
sample_033518,0,0.44
sample_033522,0,0.42
sample_033525,0,0.41
sample_033527,1,0.48
sample_033531,0,0.36
sample_033538,0,0.28
sample_033540,0,0.28
sample_033541,0,0.31
sample_033542,0,0.34
sample_033546,0,0.31
sample_033548,0,0.5
sample_033549,1,0.17
sample_033550,0,0.36
sample_033555,0,0.26
sample_033557,0,0.31
sample_033563,0,0.3
sample_033576,0,0.34
sample_033578,0,0.25
sample_033581,0,0.29
sample_033585,0,0.24
sample_033589,0,0.44
sample_033599,1,0.29
sample_033601,1,0.23
sample_033604,0,0.36
sample_033611,0,0.27
sample_033616,0,0.22
sample_033620,0,0.21
sample_033621,0,0.25
sample_033624,0,0.28
sample_033639,1,0.34
sample_033642,0,0.21
sample_033647,0,0.46
sample_033650,0,0.26
sample_033652,0,0.3
sample_033653,1,0.3
sample_033654,0,0.3
sample_033655,1,0.34
sample_033656,0,0.42
sample_033659,1,0.44
sample_033672,1,0.32
sample_033675,1,0.37
sample_033677,0,0.17
sample_033679,0,0.16
sample_033682,0,0.18
sample_033683,1,0.38
sample_033685,1,0.22
sample_033689,1,0.26
sample_033690,1,0.37
sample_033696,0,0.45
sample_033701,0,0.33
sample_033703,1,0.44
sample_033712,0,0.16
sample_033718,0,0.29
sample_033738,0,0.35
sample_033739,1,0.26
sample_033741,1,0.38
sample_033747,0,0.34
sample_033748,0,0.24
sample_033752,0,0.08
sample_033754,0,0.4
sample_033771,0,0.38
sample_033773,0,0.32
sample_033778,0,0.35
sample_033780,1,0.27
sample_033787,0,0.43
sample_033788,1,0.18
sample_033792,0,0.34
sample_033797,0,0.2
sample_033800,0,0.29
sample_033801,1,0.33
sample_033815,0,0.26
sample_033826,0,0.37
sample_033830,0,0.36
sample_033833,0,0.38
sample_033834,0,0.36
sample_033836,0,0.28
sample_033842,1,0.27
sample_033852,0,0.19
sample_033855,0,0.39
sample_033860,0,0.36
sample_033865,0,0.28
sample_033867,1,0.33
sample_033870,0,0.39
sample_033874,0,0.33
sample_033876,1,0.33
sample_033878,0,0.28
sample_033879,0,0.2
sample_033880,0,0.32
sample_033885,0,0.41
sample_033888,0,0.46
sample_033897,1,0.29
sample_033899,0,0.32
sample_033903,1,0.4
sample_033906,0,0.32
sample_033907,0,0.4
sample_033928,1,0.27
sample_033931,0,0.26
sample_033932,1,0.36
sample_033935,0,0.21
sample_033936,0,0.64
sample_033937,1,0.17
sample_033938,0,0.53
sample_033939,1,0.34
sample_033943,0,0.25
sample_033948,0,0.32
sample_033949,0,0.19
sample_033950,0,0.25
sample_033955,0,0.27
sample_033965,1,0.29
sample_033966,0,0.19
sample_033978,0,0.37
sample_033984,0,0.2
sample_034000,0,0.34
sample_034004,0,0.23
sample_034012,1,0.29
sample_034014,1,0.23
sample_034015,0,0.28
sample_034023,0,0.29
sample_034032,0,0.34
sample_034036,0,0.48
sample_034040,1,0.23
sample_034045,1,0.39
sample_034047,0,0.25
sample_034048,0,0.4
sample_034057,0,0.35
sample_034062,0,0.16
sample_034063,0,0.52
sample_034064,0,0.22
sample_034066,0,0.35
sample_034067,1,0.38
sample_034069,1,0.28
sample_034070,1,0.15
sample_034075,0,0.32
sample_034077,0,0.35
sample_034078,0,0.23
sample_034081,0,0.28
sample_034085,0,0.27
sample_034086,1,0.24
sample_034099,0,0.4
sample_034100,0,0.34
sample_034101,0,0.22
sample_034102,1,0.16
sample_034105,1,0.4
sample_034113,0,0.25
sample_034114,0,0.34
sample_034118,0,0.28
sample_034128,0,0.33
sample_034136,0,0.14
sample_034144,0,0.31
sample_034147,1,0.3
sample_034149,0,0.1
sample_034150,0,0.28
sample_034153,0,0.37
sample_034155,0,0.5
sample_034164,0,0.25
sample_034187,1,0.19
sample_034193,0,0.34
sample_034200,0,0.15
sample_034201,0,0.46
sample_034202,1,0.47
sample_034206,0,0.12
sample_034210,0,0.26
sample_034211,0,0.31
sample_034215,1,0.27
sample_034223,0,0.57
sample_034225,0,0.36
sample_034226,1,0.38
sample_034229,0,0.28
sample_034237,0,0.36
sample_034243,0,0.22
sample_034245,0,0.3
sample_034250,0,0.51
sample_034251,1,0.18
sample_034252,0,0.3
sample_034253,0,0.31
sample_034260,0,0.28
sample_034261,0,0.34
sample_034267,0,0.32
sample_034272,1,0.22
sample_034279,0,0.23
sample_034281,0,0.1
sample_034304,1,0.34
sample_034307,0,0.3
sample_034314,0,0.2
sample_034321,0,0.19
sample_034322,1,0.25
sample_034325,0,0.46
sample_034330,1,0.17
sample_034332,0,0.29
sample_034343,0,0.32
sample_034349,0,0.21
sample_034352,0,0.34
sample_034359,0,0.38
sample_034362,0,0.22
sample_034376,0,0.2
sample_034378,0,0.38
sample_034382,1,0.41
sample_034387,0,0.22
sample_034389,1,0.21
sample_034392,0,0.25
sample_034428,1,0.46
sample_034431,1,0.46
sample_034440,0,0.25
sample_034448,0,0.39
sample_034451,0,0.41
sample_034452,0,0.27
sample_034463,0,0.29
sample_034469,0,0.45
sample_034475,0,0.27
sample_034486,0,0.21
sample_034498,0,0.46
sample_034500,0,0.27
sample_034504,1,0.17
sample_034505,1,0.28
sample_034509,0,0.28
sample_034510,0,0.2
sample_034512,0,0.35
sample_034516,0,0.37
sample_034521,1,0.31
sample_034528,0,0.37
sample_034532,0,0.38
sample_034533,0,0.43
sample_034534,0,0.3
sample_034541,0,0.36
sample_034546,0,0.16
sample_034547,1,0.37
sample_034548,0,0.48
sample_034561,0,0.28
sample_034566,0,0.12
sample_034569,0,0.41
sample_034571,0,0.39
sample_034581,0,0.34
sample_034604,0,0.09
sample_034605,0,0.15
sample_034609,0,0.15
sample_034610,0,0.34
sample_034621,0,0.18
sample_034622,1,0.39
sample_034626,0,0.17
sample_034635,1,0.43
sample_034636,0,0.38
sample_034637,0,0.22
sample_034640,1,0.28
sample_034643,1,0.38
sample_034649,0,0.31
sample_034653,0,0.25
sample_034655,1,0.29
sample_034656,0,0.49
sample_034658,1,0.29
sample_034665,0,0.39
sample_034666,0,0.17
sample_034670,0,0.29
sample_034672,0,0.14
sample_034675,0,0.31
sample_034681,0,0.44
sample_034687,0,0.26
sample_034706,0,0.21
sample_034716,0,0.24
sample_034721,0,0.41
sample_034728,1,0.34
sample_034736,0,0.25
sample_034743,0,0.25
sample_034746,0,0.26
sample_034747,0,0.19
sample_034753,1,0.44
sample_034761,0,0.17
sample_034767,0,0.39
sample_034775,1,0.39
sample_034783,0,0.28
sample_034797,0,0.4
sample_034806,0,0.29
sample_034807,0,0.29
sample_034808,1,0.44
sample_034809,0,0.2
sample_034811,0,0.34
sample_034813,1,0.3
sample_034823,0,0.28
sample_034827,0,0.31
sample_034830,0,0.32
sample_034833,0,0.33
sample_034840,1,0.38
sample_034843,0,0.23
sample_034847,1,0.38
sample_034855,0,0.35
sample_034862,0,0.36
sample_034872,1,0.39
sample_034875,0,0.16
sample_034882,1,0.18
sample_034889,0,0.32
sample_034892,1,0.21
sample_034895,0,0.24
sample_034899,0,0.24
sample_034905,0,0.27
sample_034917,0,0.37
sample_034928,0,0.31
sample_034930,1,0.26
sample_034931,1,0.29
sample_034940,1,0.33
sample_034944,0,0.25
sample_034945,0,0.15
sample_034950,0,0.19
sample_034954,1,0.24
sample_034956,0,0.55
sample_034961,0,0.4
sample_034964,1,0.54
sample_034982,1,0.28
sample_034989,0,0.36
sample_034992,0,0.32
sample_034999,1,0.11
sample_035002,0,0.2
sample_035013,0,0.12
sample_035021,0,0.45
sample_035025,1,0.29
sample_035028,1,0.54
sample_035029,1,0.3
sample_035050,1,0.31
sample_035060,0,0.38
sample_035062,1,0.36
sample_035063,0,0.35
sample_035075,0,0.35
sample_035084,0,0.36
sample_035104,1,0.2
sample_035106,1,0.24
sample_035108,1,0.22
sample_035113,1,0.26
sample_035115,0,0.21
sample_035116,0,0.26
sample_035120,0,0.4
sample_035140,0,0.36
sample_035141,1,0.25
sample_035142,0,0.19
sample_035155,1,0.25
sample_035162,1,0.66
sample_035177,0,0.33
sample_035181,0,0.22
sample_035183,1,0.41
sample_035189,1,0.35
sample_035190,0,0.31
sample_035192,0,0.44
sample_035193,0,0.18
sample_035204,0,0.38
sample_035207,0,0.31
sample_035208,1,0.23
sample_035211,1,0.3
sample_035220,1,0.28
sample_035225,0,0.27
sample_035228,0,0.47
sample_035232,0,0.17
sample_035234,0,0.24
sample_035236,1,0.29
sample_035238,0,0.22
sample_035264,0,0.27
sample_035270,0,0.24
sample_035277,1,0.35
sample_035279,0,0.23
sample_035283,1,0.42
sample_035291,1,0.35
sample_035302,0,0.3
sample_035303,1,0.16
sample_035304,0,0.18
sample_035305,0,0.38
sample_035307,0,0.32
sample_035308,0,0.27
sample_035315,0,0.2
sample_035319,0,0.35
sample_035330,0,0.3
sample_035334,0,0.26
sample_035336,0,0.31
sample_035340,0,0.36
sample_035342,0,0.4
sample_035343,0,0.23
sample_035344,0,0.27
sample_035348,0,0.28
sample_035349,0,0.26
sample_035354,1,0.22
sample_035356,0,0.43
sample_035360,0,0.36
sample_035362,0,0.38
sample_035390,1,0.35
sample_035395,0,0.31
sample_035402,0,0.35
sample_035405,0,0.47
sample_035419,0,0.35
sample_035430,1,0.42
sample_035432,1,0.37
sample_035439,1,0.27
sample_035446,0,0.43
sample_035447,0,0.23
sample_035450,0,0.32
sample_035467,0,0.23
sample_035468,1,0.2
sample_035471,0,0.32
sample_035475,0,0.33
sample_035479,0,0.24
sample_035480,0,0.29
sample_035482,0,0.39
sample_035493,0,0.37
sample_035494,0,0.28
sample_035500,0,0.37
sample_035504,0,0.25
sample_035506,1,0.32
sample_035514,0,0.21
sample_035519,1,0.29
sample_035521,0,0.35
sample_035522,1,0.4
sample_035526,1,0.44
sample_035535,0,0.29
sample_035552,0,0.38
sample_035557,0,0.29
sample_035558,0,0.28
sample_035560,0,0.28
sample_035562,1,0.49
sample_035564,0,0.43
sample_035570,1,0.18
sample_035571,0,0.39
sample_035586,1,0.37
sample_035588,1,0.26
sample_035591,0,0.35
sample_035597,1,0.23
sample_035600,0,0.46
sample_035601,0,0.36
sample_035606,0,0.31
sample_035633,0,0.49
sample_035636,0,0.23
sample_035638,0,0.34
sample_035645,0,0.38
sample_035649,0,0.36
sample_035654,0,0.21
sample_035656,0,0.2
sample_035662,0,0.2
sample_035670,0,0.3
sample_035672,1,0.2
sample_035673,1,0.46
sample_035682,0,0.29
sample_035685,0,0.4
sample_035688,0,0.35
sample_035690,0,0.24
sample_035701,0,0.28
sample_035708,1,0.23
sample_035709,0,0.15
sample_035717,0,0.17
sample_035723,0,0.3
sample_035724,0,0.27
sample_035744,0,0.35
sample_035752,0,0.28
sample_035763,0,0.4
sample_035780,0,0.26
sample_035792,0,0.31
sample_035798,1,0.21
sample_035801,0,0.31
sample_035811,0,0.32
sample_035812,0,0.37
sample_035813,1,0.28
sample_035814,0,0.36
sample_035816,0,0.42
sample_035820,0,0.26
sample_035833,0,0.36
sample_035834,1,0.13
sample_035857,0,0.21
sample_035862,0,0.29
sample_035864,0,0.51
sample_035868,1,0.31
sample_035869,1,0.21
sample_035871,0,0.59
sample_035877,1,0.22
sample_035882,0,0.41
sample_035890,0,0.29
sample_035891,0,0.28
sample_035893,0,0.29
sample_035894,0,0.28
sample_035902,0,0.32
sample_035911,0,0.33
sample_035920,0,0.14
sample_035935,1,0.35
sample_035936,1,0.31
sample_035938,1,0.52
sample_035943,0,0.34
sample_035944,0,0.17
sample_035946,1,0.2
sample_035949,0,0.4
sample_035950,0,0.29
sample_035952,1,0.24
sample_035958,1,0.28
sample_035965,0,0.25
sample_035968,1,0.21
sample_035972,0,0.27
sample_035984,1,0.21
sample_035990,1,0.18
sample_035998,0,0.29
sample_036000,1,0.33
sample_036001,1,0.52
sample_036011,0,0.26
sample_036012,0,0.31
sample_036022,0,0.25
sample_036026,1,0.47
sample_036039,1,0.28
sample_036044,0,0.31
sample_036048,0,0.43
sample_036050,1,0.29
sample_036053,0,0.29
sample_036064,0,0.19
sample_036068,0,0.33
sample_036073,0,0.15
sample_036074,0,0.26
sample_036077,0,0.33
sample_036078,0,0.42
sample_036088,0,0.21
sample_036090,0,0.2
sample_036098,0,0.3
sample_036100,0,0.4
sample_036106,1,0.52
sample_036117,0,0.08
sample_036118,0,0.2
sample_036120,0,0.51
sample_036123,1,0.32
sample_036124,0,0.26
sample_036127,0,0.39
sample_036150,1,0.22
sample_036153,0,0.41
sample_036156,0,0.26
sample_036161,1,0.2
sample_036164,0,0.17
sample_036165,0,0.47
sample_036166,1,0.23
sample_036167,0,0.36
sample_036168,0,0.17
sample_036174,0,0.41
sample_036184,1,0.41
sample_036196,0,0.4
sample_036198,0,0.29
sample_036206,0,0.2
sample_036214,0,0.18
sample_036219,0,0.41
sample_036224,0,0.19
sample_036228,0,0.39
sample_036230,1,0.16
sample_036231,1,0.37
sample_036235,1,0.2
sample_036236,0,0.31
sample_036237,0,0.19
sample_036243,0,0.32
sample_036246,0,0.4
sample_036252,0,0.23
sample_036253,1,0.25
sample_036254,1,0.36
sample_036261,0,0.3
sample_036262,0,0.53
sample_036268,0,0.39
sample_036274,1,0.22
sample_036275,1,0.27
sample_036277,0,0.21
sample_036280,0,0.46
sample_036282,0,0.3
sample_036283,0,0.33
sample_036286,0,0.37
sample_036294,0,0.22
sample_036295,1,0.29
sample_036300,0,0.32
sample_036301,1,0.23
sample_036303,0,0.36
sample_036305,0,0.31
sample_036306,0,0.36
sample_036307,0,0.34
sample_036308,0,0.37
sample_036309,0,0.3
sample_036314,0,0.31
sample_036319,0,0.32
sample_036320,1,0.32
sample_036324,1,0.31
sample_036332,0,0.29
sample_036334,0,0.38
sample_036343,0,0.38
sample_036345,0,0.3
sample_036347,0,0.3
sample_036349,0,0.46
sample_036350,0,0.28
sample_036353,1,0.24
sample_036355,0,0.36
sample_036359,0,0.26
sample_036368,0,0.19
sample_036379,0,0.14
sample_036382,1,0.36
sample_036388,0,0.28
sample_036392,1,0.43
sample_036401,0,0.32
sample_036405,1,0.3
sample_036411,0,0.24
sample_036417,1,0.13
sample_036420,1,0.3
sample_036426,0,0.37
sample_036427,1,0.19
sample_036431,0,0.23
sample_036439,0,0.28
sample_036447,0,0.28
sample_036448,0,0.24
sample_036459,0,0.18
sample_036465,0,0.31
sample_036470,0,0.2
sample_036491,0,0.28
sample_036496,0,0.51
sample_036511,0,0.39
sample_036512,0,0.29
sample_036516,1,0.38
sample_036522,1,0.14
sample_036523,0,0.31
sample_036524,0,0.3
sample_036542,1,0.4
sample_036546,1,0.5
sample_036556,1,0.25
sample_036558,0,0.35
sample_036559,1,0.24
sample_036561,0,0.29
sample_036562,0,0.43
sample_036563,0,0.36
sample_036564,0,0.44
sample_036586,1,0.36
sample_036593,0,0.44
sample_036597,0,0.19
sample_036600,1,0.25
sample_036607,0,0.27
sample_036629,1,0.1
sample_036634,0,0.43
sample_036639,1,0.15
sample_036645,0,0.24
sample_036647,0,0.28
sample_036648,0,0.18
sample_036653,1,0.25
sample_036672,0,0.38
sample_036676,0,0.17
sample_036681,0,0.4
sample_036683,0,0.15
sample_036684,0,0.26
sample_036687,1,0.19
sample_036701,0,0.41
sample_036708,0,0.18
sample_036709,0,0.44
sample_036710,1,0.45
sample_036716,1,0.27
sample_036717,1,0.41
sample_036718,0,0.34
sample_036722,0,0.39
sample_036727,0,0.35
sample_036730,1,0.33
sample_036737,0,0.34
sample_036739,1,0.28
sample_036740,0,0.21
sample_036751,0,0.29
sample_036762,0,0.37
sample_036765,0,0.37
sample_036772,0,0.34
sample_036779,0,0.34
sample_036780,0,0.29
sample_036784,0,0.29
sample_036787,1,0.26
sample_036789,1,0.27
sample_036790,0,0.27
sample_036799,0,0.3
sample_036802,0,0.47
sample_036803,0,0.33
sample_036806,0,0.28
sample_036809,0,0.46
sample_036812,1,0.39
sample_036818,0,0.21
sample_036830,0,0.4
sample_036831,0,0.14
sample_036832,0,0.31
sample_036836,1,0.33
sample_036856,0,0.51
sample_036859,0,0.23
sample_036863,0,0.34
sample_036864,0,0.34
sample_036866,1,0.42
sample_036873,1,0.14
sample_036875,0,0.32
sample_036877,0,0.45
sample_036880,0,0.38
sample_036887,0,0.18
sample_036895,0,0.21
sample_036904,1,0.46
sample_036909,0,0.28
sample_036911,1,0.36
sample_036919,1,0.36
sample_036922,0,0.34
sample_036926,1,0.35
sample_036927,0,0.42
sample_036931,1,0.41
sample_036937,0,0.38
sample_036954,0,0.33
sample_036959,1,0.11
sample_036960,0,0.37
sample_036964,1,0.28
sample_036966,1,0.28
sample_036974,1,0.44
sample_036995,0,0.32
sample_036997,0,0.29
sample_037008,0,0.21
sample_037009,0,0.28
sample_037011,0,0.22
sample_037013,0,0.25
sample_037022,0,0.37
sample_037025,0,0.27
sample_037026,0,0.35
sample_037027,0,0.28
sample_037046,0,0.39
sample_037049,0,0.43
sample_037051,1,0.44
sample_037053,1,0.2
sample_037058,1,0.36
sample_037069,0,0.23
sample_037070,0,0.23
sample_037073,1,0.22
sample_037078,1,0.4
sample_037081,0,0.28
sample_037093,0,0.47
sample_037104,0,0.41
sample_037110,1,0.31
sample_037114,0,0.24
sample_037115,0,0.23
sample_037119,0,0.27
sample_037131,0,0.19
sample_037134,0,0.31
sample_037139,1,0.16
sample_037146,0,0.32
sample_037151,0,0.4
sample_037153,0,0.19
sample_037159,0,0.21
sample_037160,0,0.42
sample_037175,0,0.35
sample_037185,0,0.17
sample_037186,1,0.27
sample_037189,0,0.28
sample_037190,0,0.44
sample_037193,0,0.19
sample_037195,0,0.27
sample_037203,0,0.3
sample_037210,1,0.4
sample_037214,0,0.36
sample_037217,0,0.41
sample_037221,0,0.34
sample_037226,0,0.14
sample_037227,1,0.42
sample_037230,0,0.23
sample_037234,1,0.31
sample_037239,0,0.29
sample_037246,0,0.32
sample_037249,1,0.36
sample_037257,0,0.38
sample_037260,0,0.21
sample_037261,1,0.59
sample_037274,0,0.34
sample_037275,0,0.35
sample_037280,1,0.48
sample_037283,0,0.49
sample_037291,0,0.29
sample_037292,0,0.27
sample_037293,0,0.34
sample_037296,0,0.22
sample_037301,0,0.35
sample_037310,1,0.16
sample_037323,1,0.29
sample_037350,0,0.38
sample_037353,1,0.23
sample_037359,1,0.43
sample_037361,0,0.24
sample_037365,0,0.33
sample_037370,1,0.3
sample_037373,1,0.43
sample_037381,0,0.39
sample_037384,0,0.28
sample_037391,1,0.33
sample_037395,0,0.5
sample_037396,0,0.3
sample_037399,0,0.14
sample_037402,0,0.22
sample_037404,0,0.32
sample_037407,1,0.31
sample_037409,0,0.08
sample_037410,0,0.42
sample_037420,0,0.29
sample_037433,0,0.29
sample_037436,0,0.38
sample_037454,1,0.17
sample_037457,0,0.33
sample_037459,1,0.3
sample_037461,0,0.38
sample_037475,0,0.3
sample_037476,1,0.43
sample_037482,0,0.19
sample_037484,0,0.3
sample_037486,0,0.23
sample_037487,1,0.27
sample_037489,1,0.3
sample_037491,0,0.2
sample_037501,0,0.27
sample_037503,0,0.38
sample_037520,0,0.29
sample_037526,0,0.33
sample_037537,0,0.21
sample_037538,0,0.21
sample_037541,0,0.31
sample_037543,0,0.2
sample_037548,1,0.28
sample_037549,1,0.32
sample_037553,1,0.39
sample_037557,0,0.29
sample_037558,0,0.28
sample_037565,1,0.32
sample_037566,1,0.33
sample_037567,0,0.18
sample_037568,0,0.36
sample_037576,1,0.29
sample_037580,1,0.19
sample_037586,0,0.33
sample_037587,1,0.32
sample_037592,0,0.29
sample_037596,0,0.27
sample_037599,0,0.28
sample_037604,0,0.29
sample_037608,0,0.3
sample_037610,0,0.27
sample_037623,1,0.36
sample_037627,0,0.3
sample_037639,0,0.33
sample_037643,1,0.47
sample_037646,0,0.37
sample_037653,0,0.28
sample_037667,0,0.23
sample_037671,0,0.24
sample_037676,1,0.39
sample_037678,0,0.29
sample_037679,1,0.32
sample_037684,0,0.32
sample_037689,0,0.41
sample_037697,1,0.16
sample_037702,1,0.36
sample_037711,0,0.33
sample_037724,0,0.21
sample_037726,1,0.31
sample_037728,0,0.29
sample_037730,0,0.26
sample_037736,0,0.28
sample_037742,0,0.27
sample_037748,0,0.26
sample_037753,0,0.18
sample_037758,0,0.32
sample_037766,1,0.4
sample_037777,0,0.21
sample_037778,1,0.19
sample_037781,1,0.27
sample_037782,0,0.33
sample_037786,0,0.38
sample_037797,0,0.31
sample_037807,0,0.26
sample_037810,1,0.41
sample_037811,1,0.32
sample_037812,1,0.44
sample_037814,1,0.58
sample_037817,0,0.36
sample_037826,0,0.41
sample_037828,0,0.37
sample_037829,0,0.35
sample_037850,1,0.22
sample_037863,0,0.27
sample_037864,0,0.29
sample_037867,1,0.27
sample_037869,0,0.46
sample_037870,1,0.25
sample_037879,1,0.31
sample_037882,0,0.36
sample_037883,0,0.31
sample_037884,0,0.24
sample_037885,0,0.23
sample_037887,0,0.3
sample_037892,1,0.29
sample_037898,0,0.47
sample_037904,0,0.19
sample_037908,1,0.35
sample_037909,0,0.29
sample_037910,0,0.27
sample_037914,0,0.27
sample_037917,1,0.22
sample_037918,0,0.26
sample_037921,0,0.39
sample_037923,0,0.22
sample_037933,0,0.14
sample_037941,0,0.23
sample_037943,0,0.34
sample_037947,1,0.37
sample_037953,0,0.5
sample_037957,0,0.34
sample_037962,1,0.37
sample_037970,0,0.17
sample_037972,1,0.14
sample_037980,0,0.16
sample_037988,0,0.27
sample_037996,0,0.37
sample_037998,1,0.3
sample_038001,0,0.3
sample_038005,1,0.35
sample_038009,1,0.29
sample_038012,0,0.25
sample_038013,0,0.3
sample_038017,0,0.38
sample_038022,0,0.24
sample_038024,0,0.3
sample_038026,0,0.39
sample_038027,0,0.45
sample_038035,1,0.33
sample_038037,1,0.27
sample_038043,0,0.23
sample_038051,0,0.35
sample_038066,0,0.2
sample_038075,0,0.13
sample_038080,1,0.4
sample_038087,0,0.35
sample_038094,0,0.22
sample_038103,0,0.35
sample_038105,0,0.39
sample_038106,1,0.3
sample_038126,0,0.23
sample_038134,1,0.32
sample_038142,1,0.37
sample_038145,1,0.18
sample_038147,1,0.3
sample_038151,0,0.4
sample_038155,1,0.35
sample_038165,1,0.45
sample_038166,0,0.5
sample_038169,0,0.23
sample_038175,0,0.45
sample_038187,1,0.24
sample_038190,1,0.45
sample_038201,0,0.24
sample_038202,0,0.38
sample_038206,1,0.29
sample_038218,1,0.49
sample_038234,0,0.36
sample_038242,0,0.38
sample_038254,0,0.49
sample_038255,1,0.21
sample_038258,1,0.23
sample_038261,1,0.42
sample_038267,1,0.53
sample_038272,0,0.19
sample_038274,0,0.26
sample_038278,1,0.29
sample_038284,1,0.32
sample_038286,0,0.21
sample_038291,0,0.49
sample_038292,0,0.41
sample_038293,1,0.19
sample_038301,0,0.24
sample_038302,0,0.21
sample_038303,0,0.35
sample_038308,1,0.46
sample_038316,0,0.47
sample_038325,0,0.13
sample_038326,1,0.24
sample_038329,1,0.39
sample_038331,1,0.3
sample_038343,0,0.3
sample_038347,0,0.36
sample_038351,0,0.37
sample_038355,0,0.19
sample_038357,0,0.44
sample_038358,0,0.46
sample_038359,0,0.25
sample_038360,0,0.3
sample_038365,0,0.15
sample_038368,1,0.25
sample_038371,0,0.32
sample_038376,0,0.39
sample_038387,1,0.2
sample_038394,0,0.37
sample_038396,0,0.35
sample_038398,0,0.27
sample_038405,1,0.52
sample_038407,0,0.24
sample_038415,0,0.34
sample_038420,1,0.24
sample_038424,0,0.39
sample_038427,1,0.43
sample_038432,0,0.27
sample_038436,1,0.15
sample_038465,1,0.41
sample_038469,0,0.14
sample_038470,1,0.15
sample_038472,0,0.31
sample_038477,0,0.25
sample_038479,0,0.3
sample_038480,0,0.29
sample_038488,0,0.37
sample_038492,1,0.31
sample_038494,1,0.3
sample_038496,0,0.36
sample_038499,1,0.32
sample_038500,0,0.48
sample_038501,0,0.21
sample_038505,0,0.42
sample_038516,0,0.44
sample_038520,1,0.37
sample_038522,0,0.27
sample_038529,0,0.24
sample_038531,0,0.29
sample_038534,1,0.28
sample_038535,1,0.23
sample_038536,0,0.3
sample_038537,0,0.29
sample_038538,0,0.26
sample_038539,0,0.54
sample_038565,0,0.24
sample_038566,0,0.33
sample_038580,0,0.34
sample_038587,0,0.23
sample_038590,0,0.25
sample_038592,0,0.19
sample_038593,0,0.22
sample_038594,0,0.32
sample_038603,1,0.36
sample_038605,0,0.37
sample_038611,0,0.15
sample_038614,1,0.39
sample_038627,0,0.3
sample_038635,0,0.22
sample_038639,1,0.28
sample_038653,1,0.2
sample_038656,0,0.28
sample_038659,0,0.2
sample_038667,1,0.42
sample_038681,1,0.37
sample_038688,1,0.43
sample_038689,0,0.39
sample_038696,0,0.41
sample_038697,0,0.35
sample_038702,0,0.4
sample_038708,1,0.32
sample_038710,0,0.47
sample_038712,1,0.21
sample_038714,0,0.48
sample_038715,1,0.33
sample_038717,0,0.25
sample_038721,0,0.37
sample_038725,1,0.34
sample_038730,0,0.31
sample_038732,1,0.32
sample_038733,0,0.19
sample_038735,1,0.12
sample_038737,0,0.41
sample_038739,0,0.23
sample_038740,1,0.23
sample_038744,0,0.28
sample_038748,0,0.22
sample_038750,0,0.24
sample_038754,1,0.42
sample_038755,1,0.22
sample_038757,0,0.4
sample_038759,0,0.27
sample_038765,0,0.35
sample_038769,1,0.39
sample_038773,0,0.27
sample_038775,0,0.38
sample_038781,1,0.32
sample_038788,0,0.59
sample_038792,0,0.25
sample_038794,1,0.31
sample_038816,0,0.33
sample_038823,0,0.41
sample_038824,0,0.35
sample_038828,0,0.18
sample_038837,0,0.33
sample_038842,0,0.43
sample_038845,0,0.18
sample_038854,0,0.36
sample_038863,0,0.28
sample_038868,1,0.42
sample_038869,1,0.36
sample_038871,0,0.5
sample_038883,0,0.37
sample_038886,1,0.27
sample_038895,0,0.52
sample_038901,0,0.25
sample_038907,0,0.25
sample_038912,0,0.26
sample_038914,0,0.28
sample_038918,0,0.36
sample_038922,0,0.2
sample_038925,1,0.34
sample_038930,1,0.38
sample_038934,1,0.21
sample_038937,0,0.22
sample_038938,0,0.42
sample_038939,1,0.16
sample_038941,0,0.45
sample_038942,0,0.2
sample_038953,0,0.34
sample_038956,0,0.22
sample_038957,1,0.13
sample_038959,1,0.52
sample_038960,0,0.31
sample_038977,1,0.17
sample_038987,0,0.18
sample_038994,1,0.3
sample_038999,1,0.28
sample_039003,0,0.31
sample_039012,0,0.42
sample_039016,0,0.26
sample_039018,1,0.27
sample_039020,0,0.18
sample_039027,0,0.32
sample_039028,1,0.25
sample_039032,0,0.41
sample_039036,0,0.17
sample_039044,1,0.29
sample_039052,0,0.35
sample_039076,0,0.18
sample_039079,1,0.36
sample_039086,1,0.33
sample_039087,0,0.37
sample_039090,1,0.25
sample_039100,0,0.2
sample_039112,1,0.33
sample_039115,0,0.36
sample_039116,0,0.32
sample_039126,0,0.35
sample_039127,1,0.29
sample_039128,0,0.4
sample_039134,0,0.17
sample_039140,0,0.3
sample_039141,0,0.17
sample_039144,0,0.41
sample_039145,1,0.48
sample_039148,0,0.33
sample_039151,0,0.36
sample_039157,0,0.33
sample_039160,0,0.35
sample_039161,0,0.37
sample_039162,1,0.34
sample_039163,0,0.38
sample_039165,0,0.32
sample_039169,0,0.48
sample_039174,0,0.24
sample_039179,1,0.3
sample_039182,1,0.29
sample_039183,0,0.3
sample_039185,0,0.33
sample_039186,0,0.24
sample_039188,1,0.29
sample_039191,0,0.32
sample_039193,0,0.28
sample_039199,1,0.35
sample_039200,1,0.17
sample_039201,1,0.25
sample_039202,0,0.38
sample_039208,0,0.33
sample_039214,0,0.38
sample_039220,0,0.31
sample_039221,0,0.35
sample_039233,0,0.22
sample_039240,0,0.17
sample_039256,0,0.63
sample_039260,1,0.47
sample_039266,0,0.34
sample_039267,0,0.19
sample_039268,0,0.19
sample_039273,1,0.27
sample_039277,0,0.26
sample_039296,0,0.36
sample_039297,1,0.17
sample_039303,1,0.38
sample_039308,0,0.3
sample_039319,0,0.44
sample_039320,0,0.21
sample_039325,1,0.26
sample_039329,1,0.19
sample_039332,0,0.23
sample_039334,1,0.35
sample_039354,0,0.29
sample_039355,0,0.43
sample_039365,0,0.21
sample_039381,1,0.18
sample_039383,1,0.55
sample_039388,1,0.38
sample_039394,0,0.35
sample_039396,0,0.43
sample_039401,0,0.48
sample_039419,0,0.2
sample_039424,0,0.42
sample_039432,0,0.27
sample_039438,0,0.36
sample_039440,1,0.39
sample_039445,1,0.41
sample_039447,0,0.49
sample_039448,0,0.34
sample_039463,0,0.35
sample_039468,0,0.32
sample_039471,0,0.36
sample_039476,0,0.33
sample_039478,0,0.37
sample_039480,1,0.19
sample_039488,1,0.41
sample_039489,0,0.48
sample_039492,0,0.25
sample_039496,0,0.44
sample_039501,0,0.22
sample_039502,0,0.31
sample_039508,0,0.26
sample_039510,0,0.37
sample_039526,1,0.41
sample_039528,0,0.25
sample_039529,0,0.41
sample_039531,0,0.34
sample_039536,0,0.21
sample_039538,0,0.25
sample_039540,0,0.44
sample_039553,0,0.27
sample_039554,1,0.25
sample_039556,0,0.38
sample_039560,0,0.23
sample_039579,1,0.51
sample_039581,0,0.44
sample_039589,1,0.29
sample_039593,0,0.33
sample_039599,1,0.43
sample_039606,0,0.26
sample_039607,1,0.37
sample_039610,0,0.3
sample_039611,1,0.21
sample_039612,0,0.33
sample_039615,1,0.23
sample_039618,0,0.27
sample_039620,0,0.25
sample_039625,0,0.32
sample_039631,0,0.12
sample_039632,1,0.31
sample_039637,0,0.31
sample_039643,0,0.39
sample_039647,0,0.27
sample_039657,0,0.36
sample_039660,1,0.37
sample_039665,1,0.36
sample_039666,0,0.32
sample_039670,1,0.29
sample_039671,0,0.3
sample_039673,0,0.37
sample_039678,0,0.19
sample_039690,0,0.28
sample_039698,1,0.39
sample_039710,1,0.36
sample_039720,0,0.19
sample_039726,1,0.27
sample_039728,0,0.23
sample_039741,0,0.48
sample_039744,1,0.24
sample_039747,0,0.21
sample_039750,0,0.23
sample_039752,0,0.34
sample_039754,0,0.38
sample_039761,0,0.4
sample_039768,0,0.21
sample_039776,0,0.16
sample_039777,0,0.44
sample_039778,0,0.35
sample_039781,0,0.32
sample_039782,0,0.27
sample_039783,0,0.3
sample_039789,0,0.29
sample_039792,0,0.41
sample_039796,0,0.41
sample_039811,1,0.35
sample_039815,1,0.37
sample_039817,0,0.22
sample_039823,0,0.27
sample_039825,1,0.2
sample_039826,0,0.32
sample_039830,1,0.22
sample_039832,0,0.12
sample_039836,1,0.4
sample_039838,0,0.24
sample_039840,0,0.27
sample_039844,0,0.25
sample_039851,0,0.31
sample_039854,0,0.16
sample_039859,0,0.28
sample_039860,0,0.46
sample_039863,0,0.4
sample_039866,1,0.25
sample_039873,1,0.35
sample_039883,0,0.28
sample_039891,0,0.21
sample_039893,1,0.37
sample_039895,1,0.45
sample_039896,0,0.45
sample_039897,0,0.33
sample_039899,1,0.4
sample_039900,1,0.28
sample_039901,0,0.45
sample_039906,0,0.28
sample_039908,0,0.2
sample_039915,0,0.27
sample_039918,0,0.23
sample_039919,1,0.35
sample_039925,0,0.26
sample_039926,0,0.16
sample_039929,0,0.39
sample_039942,1,0.44
sample_039944,0,0.33
sample_039952,0,0.36
sample_039957,0,0.36
sample_039959,1,0.23
sample_039968,0,0.46
sample_039977,1,0.16
sample_039984,0,0.15
sample_039996,1,0.46
sample_040006,0,0.42
sample_040007,0,0.35
sample_040010,1,0.34
sample_040011,0,0.2
sample_040012,1,0.13
sample_040016,0,0.33
sample_040020,0,0.23
sample_040021,1,0.35
sample_040025,0,0.29
sample_040028,1,0.38
sample_040029,0,0.46
sample_040030,0,0.15
sample_040031,1,0.39
sample_040039,0,0.3
sample_040040,0,0.35
sample_040042,0,0.41
sample_040045,1,0.18
sample_040055,0,0.28
sample_040056,1,0.26
sample_040057,0,0.22
sample_040060,0,0.36
sample_040061,1,0.37
sample_040065,1,0.35
sample_040070,1,0.25
sample_040071,0,0.2
sample_040072,1,0.26
sample_040075,0,0.37
sample_040080,0,0.46
sample_040085,0,0.29
sample_040086,0,0.26
sample_040087,0,0.36
sample_040090,0,0.39
sample_040095,1,0.27
sample_040100,0,0.25
sample_040103,1,0.23
sample_040108,1,0.22
sample_040115,1,0.34
sample_040118,0,0.2
sample_040119,1,0.2
sample_040124,1,0.31
sample_040125,0,0.33
sample_040129,1,0.24
sample_040130,0,0.26
sample_040132,1,0.32
sample_040137,1,0.19
sample_040139,1,0.27
sample_040144,0,0.34
sample_040151,0,0.28
sample_040154,1,0.5
sample_040158,0,0.25
sample_040167,0,0.42
sample_040169,0,0.29
sample_040171,1,0.33
sample_040172,0,0.31
sample_040175,1,0.39
sample_040185,1,0.34
sample_040189,1,0.32
sample_040196,0,0.3
sample_040197,0,0.36
sample_040200,1,0.2
sample_040202,1,0.23
sample_040203,0,0.21
sample_040205,0,0.18
sample_040223,1,0.27
sample_040226,0,0.38
sample_040229,0,0.24
sample_040231,0,0.22
sample_040232,0,0.31
sample_040237,1,0.35
sample_040239,1,0.33
sample_040240,0,0.49
sample_040242,0,0.3
sample_040247,0,0.46
sample_040253,1,0.22
sample_040261,1,0.18
sample_040262,1,0.15
sample_040266,1,0.48
sample_040269,0,0.39
sample_040276,1,0.22
sample_040277,0,0.26
sample_040283,0,0.24
sample_040284,0,0.36
sample_040285,0,0.36
sample_040287,0,0.27
sample_040288,0,0.27
sample_040291,0,0.2
sample_040295,0,0.27
sample_040297,1,0.24
sample_040308,1,0.19
sample_040310,0,0.28
sample_040312,0,0.18
sample_040326,1,0.2
sample_040332,1,0.28
sample_040338,0,0.22
sample_040339,0,0.4
sample_040343,1,0.42
sample_040346,1,0.33
sample_040347,1,0.33
sample_040348,0,0.34
sample_040370,0,0.3
sample_040374,0,0.56
sample_040387,0,0.35
sample_040388,0,0.33
sample_040389,0,0.21
sample_040403,1,0.37
sample_040406,1,0.39
sample_040409,0,0.27
sample_040412,1,0.32
sample_040419,0,0.53
sample_040420,1,0.3
sample_040423,0,0.26
sample_040424,0,0.28
sample_040426,0,0.18
sample_040429,0,0.24
sample_040435,1,0.26
sample_040437,0,0.19
sample_040438,1,0.24
sample_040439,1,0.31
sample_040440,0,0.37
sample_040461,0,0.31
sample_040465,1,0.22
sample_040467,0,0.22
sample_040475,1,0.35
sample_040479,0,0.23
sample_040483,1,0.27
sample_040484,1,0.22
sample_040489,0,0.41
sample_040491,1,0.41
sample_040493,0,0.28
sample_040496,1,0.36
sample_040501,0,0.31
sample_040505,1,0.32
sample_040511,0,0.33
sample_040512,0,0.17
sample_040518,1,0.19
sample_040519,1,0.51
sample_040525,1,0.28
sample_040533,0,0.32
sample_040535,0,0.31
sample_040546,0,0.47
sample_040547,1,0.26
sample_040549,0,0.48
sample_040558,1,0.24
sample_040559,0,0.2
sample_040560,1,0.32
sample_040564,0,0.2
sample_040570,0,0.22
sample_040604,0,0.54
sample_040605,0,0.2
sample_040610,0,0.53
sample_040613,0,0.21
sample_040616,0,0.34
sample_040632,0,0.27
sample_040633,0,0.38
sample_040635,0,0.45
sample_040639,0,0.35
sample_040645,0,0.49
sample_040646,0,0.52
sample_040650,1,0.32
sample_040660,0,0.25
sample_040674,0,0.17
sample_040680,1,0.24
sample_040692,0,0.32
sample_040697,1,0.2
sample_040703,1,0.35
sample_040704,0,0.23
sample_040717,0,0.38
sample_040723,0,0.2
sample_040724,1,0.28
sample_040727,0,0.27
sample_040728,0,0.35
sample_040732,0,0.3
sample_040735,1,0.18
sample_040741,0,0.27
sample_040743,0,0.45
sample_040745,1,0.14
sample_040753,0,0.5
sample_040756,1,0.31
sample_040759,0,0.25
sample_040791,0,0.27
sample_040795,0,0.44
sample_040796,0,0.47
sample_040798,0,0.26
sample_040802,0,0.3
sample_040813,0,0.17
sample_040816,0,0.29
sample_040817,1,0.39
sample_040824,1,0.25
sample_040825,0,0.43
sample_040826,0,0.35
sample_040829,0,0.25
sample_040831,0,0.33
sample_040832,1,0.42
sample_040836,0,0.41
sample_040840,0,0.19
sample_040842,1,0.08
sample_040845,0,0.42
sample_040854,0,0.24
sample_040856,1,0.3
sample_040872,1,0.39
sample_040876,0,0.35
sample_040877,0,0.33
sample_040881,0,0.3
sample_040890,0,0.47
sample_040899,0,0.3
sample_040900,0,0.28
sample_040901,0,0.12
sample_040906,0,0.35
sample_040907,0,0.15
sample_040909,1,0.18
sample_040913,0,0.17
sample_040917,0,0.21
sample_040920,0,0.67
sample_040927,0,0.56
sample_040932,1,0.12
sample_040935,1,0.35
sample_040938,1,0.39
sample_040939,1,0.25
sample_040942,1,0.23
sample_040946,1,0.57
sample_040948,0,0.41
sample_040950,0,0.2
sample_040954,1,0.17
sample_040963,0,0.21
sample_040965,0,0.13
sample_040967,0,0.25
sample_040974,1,0.33
sample_040975,0,0.22
sample_040977,0,0.3
sample_040982,0,0.51
sample_040983,0,0.32
sample_040985,1,0.33
sample_040986,0,0.19
sample_040995,0,0.3
sample_040996,0,0.25
sample_040997,1,0.42
sample_041002,0,0.44
sample_041006,0,0.39
sample_041013,1,0.33
sample_041022,1,0.2
sample_041023,0,0.41
sample_041026,0,0.35
sample_041027,0,0.39
sample_041029,0,0.47
sample_041030,0,0.37
sample_041032,0,0.32
sample_041039,0,0.28
sample_041040,0,0.33
sample_041042,1,0.28
sample_041052,1,0.17
sample_041055,0,0.18
sample_041064,0,0.23
sample_041067,1,0.2
sample_041074,0,0.25
sample_041078,0,0.28
sample_041085,0,0.27
sample_041096,1,0.33
sample_041101,1,0.42
sample_041102,0,0.5
sample_041104,0,0.36
sample_041111,0,0.37
sample_041112,0,0.12
sample_041114,0,0.2
sample_041119,1,0.32
sample_041124,0,0.29
sample_041127,0,0.48
sample_041136,0,0.44
sample_041144,0,0.3
sample_041150,0,0.24
sample_041151,0,0.36
sample_041155,0,0.14
sample_041157,0,0.25
sample_041158,0,0.34
sample_041163,1,0.16
sample_041164,0,0.11
sample_041167,0,0.29
sample_041171,0,0.16
sample_041173,0,0.17
sample_041174,0,0.3
sample_041184,0,0.46
sample_041211,0,0.32
sample_041220,1,0.4
sample_041223,0,0.44
sample_041230,0,0.41
sample_041233,0,0.14
sample_041236,0,0.18
sample_041241,1,0.28
sample_041246,0,0.29
sample_041262,0,0.33
sample_041269,0,0.3
sample_041271,0,0.3
sample_041272,0,0.29
sample_041274,1,0.25
sample_041284,1,0.26
sample_041289,1,0.38
sample_041290,1,0.4
sample_041291,1,0.38
sample_041295,1,0.43
sample_041306,1,0.22
sample_041308,0,0.28
sample_041310,0,0.35
sample_041315,0,0.57
sample_041338,1,0.26
sample_041339,0,0.42
sample_041343,0,0.24
sample_041346,1,0.17
sample_041357,0,0.38
sample_041359,0,0.43
sample_041362,0,0.33
sample_041372,0,0.2
sample_041373,0,0.44
sample_041374,0,0.31
sample_041375,0,0.27
sample_041378,1,0.32
sample_041381,0,0.19
sample_041383,0,0.2
sample_041394,0,0.27
sample_041399,0,0.08
sample_041400,1,0.27
sample_041404,1,0.38
sample_041406,0,0.26
sample_041407,1,0.37
sample_041410,0,0.35
sample_041412,1,0.18
sample_041423,1,0.22
sample_041427,0,0.36
sample_041432,0,0.36
sample_041435,1,0.34
sample_041437,0,0.31
sample_041438,0,0.42
sample_041441,0,0.36
sample_041442,0,0.31
sample_041444,0,0.33
sample_041451,0,0.23
sample_041455,1,0.23
sample_041457,0,0.25
sample_041459,1,0.46
sample_041460,1,0.22
sample_041467,0,0.21
sample_041476,1,0.34
sample_041487,0,0.42
sample_041493,1,0.4
sample_041495,0,0.32
sample_041501,0,0.31
sample_041502,0,0.21
sample_041504,0,0.2
sample_041516,0,0.36
sample_041525,1,0.2
sample_041532,0,0.35
sample_041535,0,0.12
sample_041536,1,0.35
sample_041544,0,0.14
sample_041560,0,0.33
sample_041563,0,0.36
sample_041566,0,0.29
sample_041568,1,0.47
sample_041574,0,0.17
sample_041578,0,0.25
sample_041585,0,0.15
sample_041587,0,0.49
sample_041589,0,0.24
sample_041608,0,0.51
sample_041609,0,0.4
sample_041623,0,0.24
sample_041624,0,0.31
sample_041628,0,0.36
sample_041630,0,0.26
sample_041638,1,0.25
sample_041641,0,0.43
sample_041652,0,0.27
sample_041666,0,0.25
sample_041670,0,0.33
sample_041674,0,0.16
sample_041683,0,0.46
sample_041684,0,0.18
sample_041685,1,0.28
sample_041686,1,0.32
sample_041687,0,0.57
sample_041690,0,0.25
sample_041691,0,0.16
sample_041697,1,0.38
sample_041699,0,0.33
sample_041701,1,0.24
sample_041704,0,0.39
sample_041709,0,0.19
sample_041715,0,0.37
sample_041718,0,0.23
sample_041723,0,0.65
sample_041725,0,0.25
sample_041726,0,0.34
sample_041730,1,0.37
sample_041734,0,0.24
sample_041737,0,0.19
sample_041740,1,0.29
sample_041744,0,0.24
sample_041746,1,0.37
sample_041749,0,0.23
sample_041750,0,0.25
sample_041757,0,0.32
sample_041766,0,0.4
sample_041778,1,0.35
sample_041784,0,0.28
sample_041786,0,0.22
sample_041789,0,0.22
sample_041792,0,0.3
sample_041805,0,0.26
sample_041815,1,0.16
sample_041821,0,0.15
sample_041824,1,0.16
sample_041825,1,0.37
sample_041829,0,0.34
sample_041830,1,0.29
sample_041840,1,0.27
sample_041848,1,0.44
sample_041852,0,0.21
sample_041853,1,0.24
sample_041864,1,0.34
sample_041872,0,0.26
sample_041874,0,0.25
sample_041879,0,0.32
sample_041881,0,0.24
sample_041888,0,0.22
sample_041892,0,0.3
sample_041895,0,0.4
sample_041906,0,0.37
sample_041907,0,0.24
sample_041923,1,0.3
sample_041931,0,0.29
sample_041945,0,0.33
sample_041953,0,0.35
sample_041958,0,0.13
sample_041963,1,0.17
sample_041965,1,0.4
sample_041966,1,0.24
sample_041967,0,0.31
sample_041968,0,0.4
sample_041978,0,0.14
sample_041984,0,0.3
sample_041993,0,0.3
sample_042002,0,0.18
sample_042012,0,0.26
sample_042020,0,0.12
sample_042025,0,0.47
sample_042028,0,0.28
sample_042030,1,0.22
sample_042038,0,0.17
sample_042039,0,0.49
sample_042040,0,0.13
sample_042043,0,0.29
sample_042045,1,0.45
sample_042048,1,0.29
sample_042053,0,0.44
sample_042057,0,0.26
sample_042062,0,0.37
sample_042064,0,0.39
sample_042070,0,0.43
sample_042082,1,0.33
sample_042084,1,0.38
sample_042087,1,0.2
sample_042088,0,0.24
sample_042091,1,0.29
sample_042094,1,0.42
sample_042098,1,0.25
sample_042100,1,0.23
sample_042101,1,0.37
sample_042103,0,0.23
sample_042111,1,0.21
sample_042116,0,0.28
sample_042118,1,0.38
sample_042120,1,0.27
sample_042122,0,0.29
sample_042128,0,0.28
sample_042135,0,0.29
sample_042136,0,0.36
sample_042153,1,0.27
sample_042155,0,0.34
sample_042159,0,0.13
sample_042160,1,0.2
sample_042165,1,0.39
sample_042169,0,0.52
sample_042171,0,0.33
sample_042181,1,0.49
sample_042194,0,0.18
sample_042205,0,0.16
sample_042218,0,0.33
sample_042223,1,0.26
sample_042231,0,0.46
sample_042239,1,0.39
sample_042251,0,0.14
sample_042252,0,0.4
sample_042263,1,0.31
sample_042268,1,0.24
sample_042270,1,0.33
sample_042276,0,0.16
sample_042278,1,0.25
sample_042281,1,0.48
sample_042289,0,0.26
sample_042296,0,0.22
sample_042301,0,0.39
sample_042304,0,0.27
sample_042305,0,0.46
sample_042307,0,0.44
sample_042317,0,0.35
sample_042318,0,0.27
sample_042323,0,0.18
sample_042324,0,0.39
sample_042325,0,0.19
sample_042328,1,0.24
sample_042329,1,0.21
sample_042338,0,0.36
sample_042339,0,0.39
sample_042346,0,0.21
sample_042350,0,0.36
sample_042352,0,0.15
sample_042363,1,0.17
sample_042364,0,0.25
sample_042378,1,0.31
sample_042381,0,0.33
sample_042382,0,0.13
sample_042383,0,0.14
sample_042385,0,0.36
sample_042387,1,0.47
sample_042389,0,0.41
sample_042392,1,0.29
sample_042399,0,0.32
sample_042401,0,0.18
sample_042404,1,0.3
sample_042411,1,0.41
sample_042413,1,0.29
sample_042416,0,0.22
sample_042417,0,0.29
sample_042418,0,0.17
sample_042423,0,0.37
sample_042425,0,0.48
sample_042430,1,0.21
sample_042436,0,0.17
sample_042438,0,0.28
sample_042443,1,0.32
sample_042444,0,0.31
sample_042458,1,0.25
sample_042471,0,0.22
sample_042474,0,0.48
sample_042486,1,0.15
sample_042487,0,0.16
sample_042489,0,0.19
sample_042500,0,0.27
sample_042502,1,0.27
sample_042503,1,0.33
sample_042507,0,0.21
sample_042508,0,0.36
sample_042512,0,0.22
sample_042514,1,0.12
sample_042517,0,0.28
sample_042518,1,0.28
sample_042521,1,0.42
sample_042531,1,0.32
sample_042537,1,0.33
sample_042543,0,0.3
sample_042544,1,0.31
sample_042546,0,0.25
sample_042547,0,0.3
sample_042550,0,0.41
sample_042555,1,0.26
sample_042563,0,0.2
sample_042566,1,0.46
sample_042574,0,0.2
sample_042576,1,0.23
sample_042577,1,0.59
sample_042581,1,0.19
sample_042584,1,0.18
sample_042592,1,0.51
sample_042595,0,0.29
sample_042603,0,0.33
sample_042609,0,0.45
sample_042615,0,0.35
sample_042617,0,0.38
sample_042620,1,0.24
sample_042625,1,0.41
sample_042627,0,0.28
sample_042646,0,0.39
sample_042647,1,0.37
sample_042654,0,0.35
sample_042656,0,0.26
sample_042657,0,0.29
sample_042664,0,0.3
sample_042673,0,0.27
sample_042682,0,0.27
sample_042685,0,0.16
sample_042699,0,0.52
sample_042705,0,0.39
sample_042711,1,0.29
sample_042712,1,0.39
sample_042714,0,0.14
sample_042719,0,0.32
sample_042721,1,0.19
sample_042723,0,0.25
sample_042725,0,0.43
sample_042729,0,0.32
sample_042731,0,0.24
sample_042736,0,0.37
sample_042755,1,0.21
sample_042756,1,0.28
sample_042760,1,0.34
sample_042761,0,0.27
sample_042763,0,0.42
sample_042766,1,0.3
sample_042775,0,0.29
sample_042776,0,0.34
sample_042782,0,0.55
sample_042802,0,0.21
sample_042803,0,0.33
sample_042807,0,0.18
sample_042808,1,0.4
sample_042813,0,0.23
sample_042815,0,0.33
sample_042819,0,0.37
sample_042832,0,0.32
sample_042839,0,0.38
sample_042840,0,0.56
sample_042843,0,0.37
sample_042844,0,0.19
sample_042845,1,0.22
sample_042846,1,0.3
sample_042848,0,0.22
sample_042850,0,0.37
sample_042851,0,0.26
sample_042853,1,0.23
sample_042854,0,0.41
sample_042857,0,0.32
sample_042860,0,0.33
sample_042866,1,0.17
sample_042868,1,0.35
sample_042870,1,0.34
sample_042877,0,0.22
sample_042881,0,0.4
sample_042884,0,0.31
sample_042885,1,0.38
sample_042889,0,0.36
sample_042890,0,0.35
sample_042893,0,0.31
sample_042894,1,0.26
sample_042900,0,0.42
sample_042913,0,0.41
sample_042917,0,0.25
sample_042922,0,0.25
sample_042930,1,0.31
sample_042936,0,0.21
sample_042952,1,0.23
sample_042954,1,0.26
sample_042956,0,0.31
sample_042958,0,0.24
sample_042968,0,0.23
sample_042970,0,0.42
sample_042973,1,0.24
sample_042980,0,0.43
sample_042983,0,0.29
sample_042986,1,0.29
sample_042999,0,0.27
sample_043000,0,0.28
sample_043013,1,0.36
sample_043016,1,0.09
sample_043020,0,0.32
sample_043026,0,0.12
sample_043028,1,0.19
sample_043031,1,0.4
sample_043039,0,0.31
sample_043043,0,0.2
sample_043044,1,0.15
sample_043045,0,0.24
sample_043049,0,0.27
sample_043050,0,0.56
sample_043052,0,0.25
sample_043053,0,0.35
sample_043062,0,0.47
sample_043065,0,0.42
sample_043073,0,0.36
sample_043074,0,0.55
sample_043080,0,0.51
sample_043089,0,0.45
sample_043090,0,0.34
sample_043091,0,0.32
sample_043095,0,0.33
sample_043102,0,0.3
sample_043109,1,0.21
sample_043112,0,0.21
sample_043115,0,0.3
sample_043121,0,0.19
sample_043131,0,0.36
sample_043135,0,0.36
sample_043147,0,0.38
sample_043151,0,0.42
sample_043160,1,0.29
sample_043161,0,0.28
sample_043165,1,0.36
sample_043182,0,0.22
sample_043187,1,0.29
sample_043191,0,0.16
sample_043193,0,0.29
sample_043194,0,0.46
sample_043200,1,0.36
sample_043202,0,0.4
sample_043215,1,0.35
sample_043217,0,0.3
sample_043219,1,0.42
sample_043220,0,0.46
sample_043224,0,0.45
sample_043228,1,0.39
sample_043231,1,0.34
sample_043236,1,0.2
sample_043237,1,0.14
sample_043240,0,0.28
sample_043241,1,0.21
sample_043268,0,0.23
sample_043274,1,0.28
sample_043285,0,0.34
sample_043297,0,0.18
sample_043299,0,0.21
sample_043300,0,0.31
sample_043302,1,0.37
sample_043308,0,0.29
sample_043312,0,0.26
sample_043325,0,0.23
sample_043326,0,0.44
sample_043328,1,0.13
sample_043331,1,0.25
sample_043332,0,0.33
sample_043333,0,0.31
sample_043334,0,0.33
sample_043336,0,0.3
sample_043337,1,0.3
sample_043340,0,0.25
sample_043346,0,0.21
sample_043351,0,0.23
sample_043353,1,0.28
sample_043354,1,0.19
sample_043355,1,0.34
sample_043356,0,0.39
sample_043365,0,0.34
sample_043376,1,0.39
sample_043380,0,0.44
sample_043382,0,0.48
sample_043394,1,0.28
sample_043404,0,0.34
sample_043406,0,0.42
sample_043409,0,0.43
sample_043411,1,0.41
sample_043412,1,0.52
sample_043420,0,0.24
sample_043431,1,0.24
sample_043440,0,0.19
sample_043443,0,0.24
sample_043444,0,0.38
sample_043447,1,0.23
sample_043450,0,0.33
sample_043452,0,0.36
sample_043459,0,0.46
sample_043464,0,0.46
sample_043466,1,0.33
sample_043467,0,0.37
sample_043470,0,0.23
sample_043473,0,0.41
sample_043478,0,0.39
sample_043498,0,0.28
sample_043514,0,0.3
sample_043517,0,0.37
sample_043519,0,0.34
sample_043520,0,0.36
sample_043529,0,0.17
sample_043530,1,0.25
sample_043534,0,0.37
sample_043535,1,0.32
sample_043537,0,0.3
sample_043539,1,0.3
sample_043547,1,0.36
sample_043548,0,0.46
sample_043552,0,0.26
sample_043556,0,0.3
sample_043558,1,0.23
sample_043583,0,0.19
sample_043585,0,0.2
sample_043587,0,0.37
sample_043593,0,0.26
sample_043596,0,0.28
sample_043601,0,0.51
sample_043604,0,0.3
sample_043618,0,0.35
sample_043624,1,0.43
sample_043625,0,0.19
sample_043626,1,0.23
sample_043628,0,0.33
sample_043632,0,0.26
sample_043636,1,0.31
sample_043638,0,0.48
sample_043641,0,0.18
sample_043646,0,0.4
sample_043655,0,0.27
sample_043660,0,0.39
sample_043665,0,0.27
sample_043670,0,0.24
sample_043672,0,0.32
sample_043677,1,0.3
sample_043680,0,0.33
sample_043681,1,0.16
sample_043683,1,0.2
sample_043692,0,0.43
sample_043704,0,0.23
sample_043708,1,0.34
sample_043718,0,0.17
sample_043724,0,0.3
sample_043753,0,0.42
sample_043755,0,0.26
sample_043756,1,0.24
sample_043758,1,0.33
sample_043761,0,0.31
sample_043762,0,0.22
sample_043763,0,0.4
sample_043766,0,0.46
sample_043768,0,0.29
sample_043771,0,0.41
sample_043774,0,0.17
sample_043775,0,0.48
sample_043784,1,0.48
sample_043787,1,0.23
sample_043797,0,0.22
sample_043803,0,0.18
sample_043812,0,0.28
sample_043830,0,0.29
sample_043833,0,0.46
sample_043837,1,0.25
sample_043840,1,0.4
sample_043842,0,0.29
sample_043852,0,0.38
sample_043858,0,0.26
sample_043860,0,0.44
sample_043865,0,0.34
sample_043873,0,0.22
sample_043879,1,0.34
sample_043885,1,0.5
sample_043889,0,0.32
sample_043892,0,0.31
sample_043893,1,0.4
sample_043895,0,0.19
sample_043896,0,0.26
sample_043909,0,0.44
sample_043919,1,0.39
sample_043922,0,0.31
sample_043923,1,0.23
sample_043933,0,0.25
sample_043934,0,0.58
sample_043941,0,0.44
sample_043943,1,0.44
sample_043953,0,0.27
sample_043967,0,0.27
sample_043974,1,0.19
sample_043977,0,0.17
sample_043979,0,0.55
sample_043983,0,0.23
sample_043984,0,0.33
sample_043987,0,0.17
sample_043994,1,0.28
sample_044001,1,0.24
sample_044009,1,0.09
sample_044011,0,0.22
sample_044013,0,0.47
sample_044014,0,0.31
sample_044016,0,0.27
sample_044019,0,0.26
sample_044020,0,0.25
sample_044027,0,0.3
sample_044032,0,0.3
sample_044036,0,0.32
sample_044048,0,0.34
sample_044053,1,0.35
sample_044056,0,0.25
sample_044057,0,0.35
sample_044064,1,0.38
sample_044070,1,0.31
sample_044073,0,0.32
sample_044078,1,0.32
sample_044081,0,0.29
sample_044089,0,0.33
sample_044098,0,0.28
sample_044109,0,0.51
sample_044120,0,0.23
sample_044129,0,0.2
sample_044145,0,0.26
sample_044148,1,0.18
sample_044154,0,0.3
sample_044158,0,0.16
sample_044164,0,0.51
sample_044167,0,0.23
sample_044170,0,0.29
sample_044171,0,0.31
sample_044172,1,0.49
sample_044175,0,0.38
sample_044185,0,0.42
sample_044186,0,0.42
sample_044195,1,0.31
sample_044200,0,0.38
sample_044207,0,0.28
sample_044225,1,0.45
sample_044230,0,0.3
sample_044233,1,0.27
sample_044234,0,0.12
sample_044244,1,0.43
sample_044246,0,0.22
sample_044251,0,0.41
sample_044256,1,0.4
sample_044262,1,0.36
sample_044263,0,0.23
sample_044266,0,0.16
sample_044271,1,0.23
sample_044274,0,0.27
sample_044275,0,0.31
sample_044284,1,0.34
sample_044290,0,0.34
sample_044292,1,0.28
sample_044293,0,0.22
sample_044294,0,0.36
sample_044298,1,0.21
sample_044299,0,0.27
sample_044306,1,0.24
sample_044316,0,0.28
sample_044321,0,0.25
sample_044324,0,0.15
sample_044344,0,0.32
sample_044347,0,0.24
sample_044349,0,0.27
sample_044350,0,0.51
sample_044351,0,0.62
sample_044354,0,0.24
sample_044359,1,0.36
sample_044360,1,0.37
sample_044364,1,0.31
sample_044365,1,0.25
sample_044366,0,0.16
sample_044373,0,0.41
sample_044382,0,0.28
sample_044386,0,0.27
sample_044389,0,0.28
sample_044392,0,0.32
sample_044399,1,0.19
sample_044405,0,0.26
sample_044406,0,0.42
sample_044410,0,0.34
sample_044415,0,0.21
sample_044417,0,0.31
sample_044418,1,0.27
sample_044420,0,0.26
sample_044425,0,0.32
sample_044436,1,0.32
sample_044441,0,0.4
sample_044443,0,0.41
sample_044465,1,0.38
sample_044469,0,0.43
sample_044470,1,0.35
sample_044479,0,0.19
sample_044488,1,0.37
sample_044490,0,0.33
sample_044497,0,0.34
sample_044500,1,0.33
sample_044508,0,0.2
sample_044511,1,0.27
sample_044514,0,0.2
sample_044515,0,0.14
sample_044528,0,0.36
sample_044530,0,0.17
sample_044539,0,0.27
sample_044549,0,0.45
sample_044554,0,0.26
sample_044558,0,0.14
sample_044563,0,0.19
sample_044564,0,0.6
sample_044571,0,0.17
sample_044574,0,0.43
sample_044577,0,0.41
sample_044578,1,0.48
sample_044581,1,0.33
sample_044584,0,0.26
sample_044588,0,0.22
sample_044591,0,0.3
sample_044594,1,0.25
sample_044598,1,0.34
sample_044601,0,0.2
sample_044612,0,0.23
sample_044613,0,0.18
sample_044617,0,0.19
sample_044624,1,0.3
sample_044640,0,0.29
sample_044657,0,0.23
sample_044660,0,0.3
sample_044661,0,0.29
sample_044672,0,0.12
sample_044675,1,0.4
sample_044676,0,0.29
sample_044686,0,0.28
sample_044687,0,0.32
sample_044694,1,0.24
sample_044696,1,0.31
sample_044700,0,0.42
sample_044713,0,0.32
sample_044714,0,0.33
sample_044715,1,0.23
sample_044716,0,0.21
sample_044739,1,0.46
sample_044742,1,0.32
sample_044743,1,0.37
sample_044748,0,0.42
sample_044751,0,0.45
sample_044753,0,0.15
sample_044755,0,0.18
sample_044756,0,0.19
sample_044764,0,0.29
sample_044767,1,0.33
sample_044775,0,0.28
sample_044780,1,0.36
sample_044782,0,0.26
sample_044799,0,0.29
sample_044832,0,0.34
sample_044842,0,0.19
sample_044844,0,0.51
sample_044853,0,0.12
sample_044856,0,0.25
sample_044859,0,0.34
sample_044861,1,0.28
sample_044868,0,0.3
sample_044873,0,0.3
sample_044878,0,0.29
sample_044879,0,0.31
sample_044884,0,0.2
sample_044887,1,0.13
sample_044893,1,0.21
sample_044901,0,0.21
sample_044910,1,0.17
sample_044911,0,0.19
sample_044915,0,0.25
sample_044923,0,0.55
sample_044928,0,0.35
sample_044929,0,0.26
sample_044939,0,0.31
sample_044945,0,0.43
sample_044947,0,0.15
sample_044958,1,0.3
sample_044966,0,0.35
sample_044968,0,0.33
sample_044973,0,0.19
sample_044985,0,0.42
sample_044987,1,0.17
sample_044991,1,0.21
sample_044994,1,0.49
sample_045000,0,0.29
sample_045012,1,0.36
sample_045022,0,0.21
sample_045024,0,0.21
sample_045026,0,0.38
sample_045040,1,0.15
sample_045042,0,0.48
sample_045058,0,0.35
sample_045063,0,0.42
sample_045064,1,0.41
sample_045068,0,0.18
sample_045074,0,0.46
sample_045079,1,0.4
sample_045082,0,0.6
sample_045085,1,0.29
sample_045096,0,0.36
sample_045100,0,0.39
sample_045102,0,0.35
sample_045117,1,0.37
sample_045134,1,0.29
sample_045152,1,0.35
sample_045153,0,0.19
sample_045159,0,0.41
sample_045163,0,0.31
sample_045175,1,0.52
sample_045183,0,0.31
sample_045197,0,0.38
sample_045204,1,0.3
sample_045205,1,0.19
sample_045210,0,0.56
sample_045211,0,0.25
sample_045223,0,0.14
sample_045224,1,0.33
sample_045228,1,0.32
sample_045250,1,0.33
sample_045253,0,0.31
sample_045255,0,0.43
sample_045257,0,0.24
sample_045260,0,0.24
sample_045276,0,0.25
sample_045277,0,0.34
sample_045278,0,0.24
sample_045279,1,0.17
sample_045289,1,0.45
sample_045290,1,0.28
sample_045295,1,0.3
sample_045302,1,0.26
sample_045303,0,0.36
sample_045310,0,0.4
sample_045313,0,0.39
sample_045320,0,0.25
sample_045326,0,0.28
sample_045329,1,0.35
sample_045338,0,0.4
sample_045357,0,0.38
sample_045360,1,0.12
sample_045361,0,0.31
sample_045362,0,0.38
sample_045363,0,0.25
sample_045365,0,0.15
sample_045367,0,0.24
sample_045374,0,0.49
sample_045375,0,0.27
sample_045376,0,0.33
sample_045383,0,0.28
sample_045384,0,0.27
sample_045388,0,0.23
sample_045393,0,0.54
sample_045401,0,0.27
sample_045416,0,0.31
sample_045417,0,0.4
sample_045420,0,0.28
sample_045421,1,0.37
sample_045425,0,0.54
sample_045427,0,0.32
sample_045445,1,0.2
sample_045448,0,0.36
sample_045449,0,0.34
sample_045457,0,0.42
sample_045466,0,0.25
sample_045474,0,0.45
sample_045475,1,0.23
sample_045476,0,0.33
sample_045480,0,0.24
sample_045493,1,0.31
sample_045506,1,0.32
sample_045507,0,0.38
sample_045512,1,0.16
sample_045514,0,0.24
sample_045519,0,0.36
sample_045523,0,0.47
sample_045525,0,0.36
sample_045531,1,0.17
sample_045533,0,0.37
sample_045538,0,0.25
sample_045543,1,0.32
sample_045544,0,0.49
sample_045556,1,0.4
sample_045563,0,0.24
sample_045568,1,0.35
sample_045571,1,0.25
sample_045592,0,0.3
sample_045597,0,0.61
sample_045601,0,0.2
sample_045608,0,0.3
sample_045610,0,0.34
sample_045613,0,0.42
sample_045623,1,0.18
sample_045627,1,0.33
sample_045632,1,0.21
sample_045633,0,0.27
sample_045638,0,0.25
sample_045642,0,0.51
sample_045643,1,0.44
sample_045647,0,0.17
sample_045648,0,0.28
sample_045657,0,0.18
sample_045659,0,0.3
sample_045663,0,0.29
sample_045665,0,0.3
sample_045667,1,0.26
sample_045669,0,0.43
sample_045670,0,0.34
sample_045673,0,0.35
sample_045677,1,0.38
sample_045685,1,0.17
sample_045688,0,0.18
sample_045693,1,0.28
sample_045694,0,0.27
sample_045695,0,0.27
sample_045696,1,0.34
sample_045703,0,0.17
sample_045704,0,0.15
sample_045705,0,0.37
sample_045706,0,0.25
sample_045708,1,0.51
sample_045713,0,0.33
sample_045714,0,0.28
sample_045715,1,0.44
sample_045720,0,0.27
sample_045735,0,0.33
sample_045738,0,0.22
sample_045742,1,0.17
sample_045744,0,0.33
sample_045748,1,0.46
sample_045750,0,0.28
sample_045751,0,0.25
sample_045766,1,0.34
sample_045769,1,0.47
sample_045772,0,0.27
sample_045781,1,0.19
sample_045785,0,0.15
sample_045796,0,0.45
sample_045798,1,0.48
sample_045800,0,0.23
sample_045801,0,0.3
sample_045806,0,0.31
sample_045815,1,0.34
sample_045820,1,0.22
sample_045831,0,0.38
sample_045832,1,0.45
sample_045836,0,0.47
sample_045839,0,0.2
sample_045847,1,0.51
sample_045856,0,0.31
sample_045867,0,0.48
sample_045869,0,0.29
sample_045876,0,0.28
sample_045880,0,0.36
sample_045881,0,0.23
sample_045883,0,0.39
sample_045886,0,0.29
sample_045891,0,0.31
sample_045895,0,0.5
sample_045896,0,0.32
sample_045903,0,0.42
sample_045909,1,0.28
sample_045912,1,0.37
sample_045920,0,0.17
sample_045928,1,0.3
sample_045929,0,0.24
sample_045931,0,0.45
sample_045938,0,0.22
sample_045942,1,0.26
sample_045944,1,0.4
sample_045952,0,0.2
sample_045962,1,0.21
sample_045965,0,0.23
sample_045968,0,0.3
sample_045969,0,0.24
sample_045974,0,0.45
sample_045979,0,0.3
sample_045990,0,0.32
sample_045991,1,0.16
sample_045995,1,0.45
sample_046006,0,0.34
sample_046008,0,0.25
sample_046014,0,0.35
sample_046026,0,0.31
sample_046037,0,0.23
sample_046039,0,0.3
sample_046041,0,0.66
sample_046044,1,0.36
sample_046045,0,0.28
sample_046047,0,0.4
sample_046051,1,0.4
sample_046053,0,0.38
sample_046056,1,0.29
sample_046060,0,0.27
sample_046063,0,0.4
sample_046070,0,0.12
sample_046075,0,0.22
sample_046077,0,0.36
sample_046084,0,0.3
sample_046087,1,0.3
sample_046088,0,0.21
sample_046092,0,0.1
sample_046101,0,0.51
sample_046102,1,0.41
sample_046105,0,0.29
sample_046112,0,0.32
sample_046119,0,0.14
sample_046128,1,0.38
sample_046134,0,0.15
sample_046146,0,0.27
sample_046148,0,0.24
sample_046159,1,0.19
sample_046167,1,0.36
sample_046171,0,0.23
sample_046173,0,0.24
sample_046174,1,0.34
sample_046179,1,0.25
sample_046186,1,0.27
sample_046187,0,0.43
sample_046190,0,0.16
sample_046194,0,0.39
sample_046197,0,0.19
sample_046207,1,0.27
sample_046216,0,0.32
sample_046217,0,0.25
sample_046220,0,0.45
sample_046230,1,0.35
sample_046231,1,0.19
sample_046232,1,0.5
sample_046235,1,0.43
sample_046236,0,0.33
sample_046238,0,0.29
sample_046240,0,0.43
sample_046247,1,0.34
sample_046264,0,0.19
sample_046266,0,0.33
sample_046268,0,0.47
sample_046274,0,0.26
sample_046282,1,0.22
sample_046286,1,0.18
sample_046291,0,0.23
sample_046292,0,0.29
sample_046299,0,0.34
sample_046300,0,0.33
sample_046306,0,0.27
sample_046311,0,0.27
sample_046314,0,0.25
sample_046318,0,0.39
sample_046319,0,0.27
sample_046320,0,0.35
sample_046323,1,0.3
sample_046326,0,0.39
sample_046328,0,0.28
sample_046329,0,0.3
sample_046335,0,0.22
sample_046336,1,0.25
sample_046337,1,0.33
sample_046340,0,0.45
sample_046343,0,0.29
sample_046357,1,0.3
sample_046362,0,0.27
sample_046368,0,0.3
sample_046374,0,0.33
sample_046375,1,0.41
sample_046386,0,0.33
sample_046391,1,0.43
sample_046392,1,0.42
sample_046399,0,0.41
sample_046403,0,0.25
sample_046412,0,0.19
sample_046420,0,0.2
sample_046422,0,0.31
sample_046430,0,0.25
sample_046431,0,0.28
sample_046432,0,0.36
sample_046437,1,0.44
sample_046443,0,0.27
sample_046444,1,0.47
sample_046446,0,0.07
sample_046449,1,0.25
sample_046461,0,0.28
sample_046462,0,0.28
sample_046471,0,0.28
sample_046472,0,0.3
sample_046474,0,0.32
sample_046477,1,0.26
sample_046478,1,0.25
sample_046483,0,0.3
sample_046491,1,0.23
sample_046505,0,0.27
sample_046508,1,0.49
sample_046516,1,0.5
sample_046524,1,0.18
sample_046526,0,0.29
sample_046527,1,0.25
sample_046533,0,0.26
sample_046544,1,0.34
sample_046550,0,0.25
sample_046553,0,0.38
sample_046554,0,0.29
sample_046557,0,0.28
sample_046559,1,0.57
sample_046560,1,0.4
sample_046574,0,0.13
sample_046576,1,0.27
sample_046587,0,0.32
sample_046598,0,0.4
sample_046600,1,0.26
sample_046603,0,0.31
sample_046613,1,0.21
sample_046615,0,0.31
sample_046617,0,0.27
sample_046622,1,0.42
sample_046624,1,0.21
sample_046626,0,0.18
sample_046630,0,0.13
sample_046631,0,0.24
sample_046633,0,0.2
sample_046638,1,0.34
sample_046650,0,0.44
sample_046662,1,0.3
sample_046667,0,0.39
sample_046670,0,0.45
sample_046672,0,0.51
sample_046677,1,0.29
sample_046679,0,0.38
sample_046681,0,0.32
sample_046682,1,0.34
sample_046694,1,0.26
sample_046695,0,0.21
sample_046696,1,0.34
sample_046711,0,0.38
sample_046717,1,0.27
sample_046718,0,0.13
sample_046722,1,0.21
sample_046725,0,0.31
sample_046740,0,0.19
sample_046749,0,0.34
sample_046758,0,0.38
sample_046761,0,0.25
sample_046765,0,0.22
sample_046766,1,0.41
sample_046774,1,0.2
sample_046775,0,0.31
sample_046793,0,0.18
sample_046801,0,0.28
sample_046808,0,0.37
sample_046815,0,0.19
sample_046821,0,0.22
sample_046822,1,0.38
sample_046826,0,0.24
sample_046834,0,0.37
sample_046841,0,0.22
sample_046846,0,0.19
sample_046847,1,0.35
sample_046853,0,0.27
sample_046857,0,0.25
sample_046859,1,0.48
sample_046875,1,0.3
sample_046882,0,0.33
sample_046883,1,0.39
sample_046884,0,0.24
sample_046892,0,0.43
sample_046896,1,0.4
sample_046904,0,0.15
sample_046905,0,0.44
sample_046906,0,0.35
sample_046907,1,0.24
sample_046911,0,0.24
sample_046919,0,0.32
sample_046922,0,0.19
sample_046930,0,0.24
sample_046933,0,0.36
sample_046934,1,0.33
sample_046937,0,0.15
sample_046948,0,0.36
sample_046952,0,0.18
sample_046953,1,0.33
sample_046954,0,0.17
sample_046967,0,0.27
sample_046971,0,0.2
sample_046973,0,0.23
sample_046974,0,0.39
sample_046980,1,0.23
sample_046982,0,0.3
sample_046992,1,0.21
sample_046994,1,0.29
sample_046996,1,0.25
sample_047001,0,0.28
sample_047013,1,0.38
sample_047026,0,0.35
sample_047027,1,0.32
sample_047033,0,0.25
sample_047034,0,0.33
sample_047035,0,0.22
sample_047038,0,0.19
sample_047039,0,0.4
sample_047041,0,0.4
sample_047045,1,0.22
sample_047049,1,0.41
sample_047053,1,0.29
sample_047057,0,0.37
sample_047068,0,0.23
sample_047073,0,0.37
sample_047077,1,0.33
sample_047080,1,0.36
sample_047090,1,0.43
sample_047101,0,0.56
sample_047105,1,0.29
sample_047116,0,0.36
sample_047121,1,0.13
sample_047131,0,0.32
sample_047133,0,0.18
sample_047147,0,0.24
sample_047154,0,0.47
sample_047157,0,0.23
sample_047160,1,0.36
sample_047166,0,0.34
sample_047167,1,0.57
sample_047172,0,0.52
sample_047174,0,0.42
sample_047179,1,0.18
sample_047180,1,0.3
sample_047189,0,0.42
sample_047193,1,0.24
sample_047199,0,0.47
sample_047200,0,0.43
sample_047203,1,0.21
sample_047208,1,0.27
sample_047209,1,0.42
sample_047216,0,0.13
sample_047227,0,0.32
sample_047231,0,0.41
sample_047234,1,0.3
sample_047238,0,0.35
sample_047240,0,0.41
sample_047241,0,0.46
sample_047243,0,0.3
sample_047249,1,0.3
sample_047267,0,0.32
sample_047277,1,0.26
sample_047278,0,0.25
sample_047284,0,0.41
sample_047290,0,0.2
sample_047295,1,0.13
sample_047296,1,0.41
sample_047299,1,0.27
sample_047300,1,0.35
sample_047301,0,0.32
sample_047311,0,0.25
sample_047316,0,0.68
sample_047323,1,0.39
sample_047324,1,0.39
sample_047327,1,0.4
sample_047328,0,0.21
sample_047329,0,0.38
sample_047331,1,0.3
sample_047337,1,0.34
sample_047345,0,0.24
sample_047346,0,0.35
sample_047350,0,0.09
sample_047357,1,0.27
sample_047360,1,0.35
sample_047365,0,0.26
sample_047366,0,0.38
sample_047367,1,0.35
sample_047371,0,0.34
sample_047383,0,0.26
sample_047390,0,0.3
sample_047393,1,0.19
sample_047397,0,0.19
sample_047400,0,0.24
sample_047401,1,0.37
sample_047403,0,0.25
sample_047404,0,0.32
sample_047418,0,0.44
sample_047420,0,0.31
sample_047423,0,0.33
sample_047426,0,0.2
sample_047430,0,0.16
sample_047445,0,0.3
sample_047446,0,0.22
sample_047457,0,0.37
sample_047468,0,0.32
sample_047471,0,0.32
sample_047497,1,0.18
sample_047498,0,0.26
sample_047516,1,0.26
sample_047517,0,0.37
sample_047518,0,0.28
sample_047521,0,0.15
sample_047525,0,0.34
sample_047528,0,0.3
sample_047539,0,0.29
sample_047555,1,0.21
sample_047558,1,0.35
sample_047565,1,0.26
sample_047569,0,0.32
sample_047581,0,0.41
sample_047583,1,0.16
sample_047591,0,0.25
sample_047592,1,0.27
sample_047594,1,0.37
sample_047600,0,0.34
sample_047608,0,0.18
sample_047613,0,0.23
sample_047614,0,0.1
sample_047616,1,0.26
sample_047619,1,0.32
sample_047621,0,0.42
sample_047627,0,0.43
sample_047628,0,0.31
sample_047632,1,0.35
sample_047634,0,0.42
sample_047645,0,0.23
sample_047649,0,0.53
sample_047650,0,0.16
sample_047656,1,0.18
sample_047662,1,0.3
sample_047671,0,0.28
sample_047674,0,0.17
sample_047681,1,0.36
sample_047690,1,0.29
sample_047693,1,0.28
sample_047695,0,0.26
sample_047696,0,0.24
sample_047700,1,0.38
sample_047704,1,0.31
sample_047708,1,0.21
sample_047713,0,0.31
sample_047717,0,0.4
sample_047718,0,0.19
sample_047720,1,0.21
sample_047731,0,0.11
sample_047732,0,0.41
sample_047733,0,0.34
sample_047735,0,0.29
sample_047741,0,0.46
sample_047745,0,0.48
sample_047746,0,0.4
sample_047752,1,0.3
sample_047763,0,0.21
sample_047766,1,0.42
sample_047775,1,0.44
sample_047776,0,0.24
sample_047782,1,0.36
sample_047783,0,0.38
sample_047789,0,0.33
sample_047795,0,0.3
sample_047798,1,0.31
sample_047808,0,0.31
sample_047811,0,0.17
sample_047818,0,0.18
sample_047819,1,0.39
sample_047822,1,0.18
sample_047828,0,0.21
sample_047833,0,0.2
sample_047834,1,0.3
sample_047836,1,0.29
sample_047843,0,0.21
sample_047845,0,0.3
sample_047863,1,0.18
sample_047869,0,0.27
sample_047871,0,0.28
sample_047873,0,0.24
sample_047878,1,0.3
sample_047883,1,0.29
sample_047884,0,0.42
sample_047886,0,0.19
sample_047888,0,0.25
sample_047891,0,0.13
sample_047892,1,0.28
sample_047895,0,0.41
sample_047904,1,0.43
sample_047917,1,0.47
sample_047927,0,0.29
sample_047930,0,0.3
sample_047938,0,0.31
sample_047946,1,0.46
sample_047956,0,0.52
sample_047958,0,0.19
sample_047965,0,0.21
sample_047987,1,0.29
sample_047993,0,0.36
sample_047998,0,0.42
sample_047999,0,0.33
sample_048001,0,0.29
sample_048004,1,0.33
sample_048006,0,0.55
sample_048011,1,0.27
sample_048019,0,0.32
sample_048029,0,0.37
sample_048032,0,0.52
sample_048038,0,0.42
sample_048041,0,0.2
sample_048042,1,0.36
sample_048048,0,0.42
sample_048053,0,0.31
sample_048054,1,0.35
sample_048055,0,0.26
sample_048057,0,0.41
sample_048060,1,0.39
sample_048061,0,0.23
sample_048065,0,0.32
sample_048070,0,0.31
sample_048072,1,0.18
sample_048073,0,0.36
sample_048074,0,0.31
sample_048076,1,0.43
sample_048077,0,0.22
sample_048089,0,0.19
sample_048095,1,0.36
sample_048099,1,0.37
sample_048102,0,0.31
sample_048103,1,0.24
sample_048105,1,0.44
sample_048111,0,0.33
sample_048125,0,0.21
sample_048135,0,0.27
sample_048143,0,0.25
sample_048144,0,0.35
sample_048156,0,0.5
sample_048157,0,0.33
sample_048158,0,0.27
sample_048160,1,0.3
sample_048161,0,0.19
sample_048171,0,0.23
sample_048189,0,0.21
sample_048192,1,0.19
sample_048193,0,0.33
sample_048199,1,0.24
sample_048205,0,0.18
sample_048210,1,0.15
sample_048214,1,0.36
sample_048219,0,0.18
sample_048220,1,0.33
sample_048228,0,0.3
sample_048251,0,0.28
sample_048254,0,0.19
sample_048258,0,0.51
sample_048259,0,0.32
sample_048261,0,0.47
sample_048273,0,0.18
sample_048280,0,0.19
sample_048288,0,0.33
sample_048292,0,0.24
sample_048299,0,0.1
sample_048301,0,0.39
sample_048304,0,0.55
sample_048313,0,0.3
sample_048314,0,0.36
sample_048326,1,0.28
sample_048331,1,0.25
sample_048334,1,0.29
sample_048335,0,0.25
sample_048337,0,0.68
sample_048340,1,0.35
sample_048344,1,0.31
sample_048347,0,0.54
sample_048361,0,0.23
sample_048364,1,0.45
sample_048367,0,0.32
sample_048375,0,0.34
sample_048383,0,0.26
sample_048384,1,0.28
sample_048385,0,0.42
sample_048386,0,0.37
sample_048391,0,0.32
sample_048392,0,0.18
sample_048393,0,0.35
sample_048405,0,0.46
sample_048414,0,0.28
sample_048415,0,0.32
sample_048416,0,0.27
sample_048427,1,0.22
sample_048428,1,0.38
sample_048434,0,0.4
sample_048435,1,0.29
sample_048438,1,0.57
sample_048442,1,0.4
sample_048443,1,0.26
sample_048481,1,0.37
sample_048486,0,0.41
sample_048491,0,0.47
sample_048493,0,0.24
sample_048494,1,0.38
sample_048497,0,0.2
sample_048518,0,0.22
sample_048525,1,0.36
sample_048530,0,0.46
sample_048533,0,0.11
sample_048536,0,0.33
sample_048537,0,0.17
sample_048543,1,0.53
sample_048545,0,0.15
sample_048558,1,0.49
sample_048559,0,0.34
sample_048562,0,0.41
sample_048563,0,0.37
sample_048574,0,0.38
sample_048575,0,0.18
sample_048576,0,0.28
sample_048577,1,0.34
sample_048580,0,0.49
sample_048583,0,0.36
sample_048593,0,0.22
sample_048600,0,0.21
sample_048603,0,0.35
sample_048609,1,0.31
sample_048620,0,0.36
sample_048622,1,0.26
sample_048624,0,0.41
sample_048625,0,0.29
sample_048647,0,0.23
sample_048653,1,0.3
sample_048657,0,0.19
sample_048661,0,0.43
sample_048664,0,0.32
sample_048666,0,0.24
sample_048669,1,0.17
sample_048679,0,0.25
sample_048683,1,0.27
sample_048708,1,0.24
sample_048711,0,0.36
sample_048712,0,0.32
sample_048716,1,0.38
sample_048725,1,0.22
sample_048730,0,0.23
sample_048732,0,0.47
sample_048734,0,0.23
sample_048761,0,0.32
sample_048769,1,0.24
sample_048770,0,0.36
sample_048778,0,0.15
sample_048779,0,0.19
sample_048783,0,0.43
sample_048784,0,0.2
sample_048787,0,0.23
sample_048790,0,0.2
sample_048792,1,0.48
sample_048798,0,0.33
sample_048811,0,0.45
sample_048816,0,0.27
sample_048819,0,0.38
sample_048821,0,0.4
sample_048822,1,0.31
sample_048826,0,0.24
sample_048834,0,0.49
sample_048841,1,0.42
sample_048845,0,0.32
sample_048849,0,0.23
sample_048854,0,0.21
sample_048860,0,0.27
sample_048864,0,0.31
sample_048872,0,0.3
sample_048874,1,0.24
sample_048875,0,0.3
sample_048880,0,0.25
sample_048881,0,0.29
sample_048882,1,0.27
sample_048883,0,0.29
sample_048884,0,0.35
sample_048886,0,0.43
sample_048888,0,0.37
sample_048890,1,0.22
sample_048892,1,0.38
sample_048894,0,0.26
sample_048896,1,0.29
sample_048901,1,0.34
sample_048905,0,0.42
sample_048936,0,0.45
sample_048939,0,0.38
sample_048941,0,0.28
sample_048944,1,0.4
sample_048960,0,0.26
sample_048961,0,0.4
sample_048962,0,0.29
sample_048968,0,0.41
sample_048971,0,0.15
sample_048973,0,0.19
sample_048982,0,0.21
sample_048985,1,0.35
sample_048992,0,0.3
sample_048993,1,0.4
sample_048994,0,0.42
sample_048996,1,0.37
sample_048998,0,0.34
sample_049018,0,0.36
sample_049019,1,0.34
sample_049022,0,0.24
sample_049024,0,0.3
sample_049025,0,0.37
sample_049032,0,0.34
sample_049034,0,0.23
sample_049035,0,0.33
sample_049043,1,0.3
sample_049055,0,0.23
sample_049057,1,0.27
sample_049058,0,0.23
sample_049061,0,0.28
sample_049063,0,0.23
sample_049077,1,0.26
sample_049084,0,0.27
sample_049085,1,0.26
sample_049086,1,0.31
sample_049087,0,0.3
sample_049089,0,0.39
sample_049103,0,0.25
sample_049104,0,0.28
sample_049123,0,0.25
sample_049133,0,0.22
sample_049136,0,0.56
sample_049139,0,0.25
sample_049141,0,0.38
sample_049145,1,0.26
sample_049149,1,0.27
sample_049151,0,0.21
sample_049155,1,0.33
sample_049172,1,0.37
sample_049173,0,0.31
sample_049174,0,0.45
sample_049180,0,0.23
sample_049181,0,0.4
sample_049189,0,0.3
sample_049191,0,0.36
sample_049195,0,0.21
sample_049201,0,0.32
sample_049202,0,0.36
sample_049203,1,0.26
sample_049204,1,0.35
sample_049208,0,0.45
sample_049217,1,0.31
sample_049218,0,0.17
sample_049220,1,0.14
sample_049226,0,0.21
sample_049230,1,0.26
sample_049236,0,0.34
sample_049245,0,0.33
sample_049248,0,0.24
sample_049251,0,0.35
sample_049253,0,0.12
sample_049254,0,0.42
sample_049255,1,0.21
sample_049260,1,0.27
sample_049265,1,0.26
sample_049268,1,0.5
sample_049270,0,0.35
sample_049272,0,0.31
sample_049273,0,0.41
sample_049282,0,0.3
sample_049283,0,0.24
sample_049289,0,0.42
sample_049301,1,0.43
sample_049303,1,0.25
sample_049306,0,0.21
sample_049307,0,0.3
sample_049316,0,0.12
sample_049317,0,0.19
sample_049318,0,0.26
sample_049326,1,0.3
sample_049328,0,0.27
sample_049336,0,0.27
sample_049338,0,0.14
sample_049346,1,0.18
sample_049357,0,0.32
sample_049362,0,0.19
sample_049365,0,0.23
sample_049369,0,0.18
sample_049370,0,0.17
sample_049378,0,0.25
sample_049382,0,0.29
sample_049389,0,0.28
sample_049392,0,0.12
sample_049393,0,0.16
sample_049398,0,0.48
sample_049409,0,0.21
sample_049410,0,0.34
sample_049423,0,0.37
sample_049427,1,0.38
sample_049436,0,0.5
sample_049444,0,0.39
sample_049445,1,0.35
sample_049446,0,0.33
sample_049454,0,0.56
sample_049456,0,0.25
sample_049459,0,0.19
sample_049463,0,0.52
sample_049464,0,0.32
sample_049472,1,0.23
sample_049480,1,0.23
sample_049484,1,0.45
sample_049486,1,0.42
sample_049492,1,0.36
sample_049496,0,0.18
sample_049505,1,0.34
sample_049512,0,0.51
sample_049514,1,0.19
sample_049517,1,0.39
sample_049528,0,0.28
sample_049536,0,0.32
sample_049541,0,0.28
sample_049562,1,0.19
sample_049571,0,0.14
sample_049582,0,0.26
sample_049585,1,0.17
sample_049586,0,0.31
sample_049592,1,0.19
sample_049595,1,0.33
sample_049601,0,0.25
sample_049603,0,0.26
sample_049617,0,0.37
sample_049618,0,0.21
sample_049626,0,0.2
sample_049630,0,0.53
sample_049632,0,0.36
sample_049633,1,0.37
sample_049638,0,0.23
sample_049641,0,0.3
sample_049650,0,0.25
sample_049657,0,0.24
sample_049660,1,0.4
sample_049661,0,0.36
sample_049662,1,0.47
sample_049674,0,0.22
sample_049675,0,0.21
sample_049679,0,0.32
sample_049680,0,0.19
sample_049687,0,0.32
sample_049688,0,0.29
sample_049689,1,0.3
sample_049695,1,0.21
sample_049717,0,0.22
sample_049720,0,0.24
sample_049723,0,0.22
sample_049727,0,0.36
sample_049737,0,0.22
sample_049746,0,0.2
sample_049753,1,0.34
sample_049756,0,0.33
sample_049764,0,0.39
sample_049765,0,0.56
sample_049766,0,0.14
sample_049772,1,0.39
sample_049773,0,0.16
sample_049774,0,0.43
sample_049778,1,0.62
sample_049780,0,0.48
sample_049807,1,0.2
sample_049821,0,0.28
sample_049825,0,0.2
sample_049826,0,0.24
sample_049828,0,0.25
sample_049831,0,0.32
sample_049836,0,0.34
sample_049839,0,0.19
sample_049843,0,0.46
sample_049849,0,0.38
sample_049851,0,0.22
sample_049853,0,0.47
sample_049855,1,0.39
sample_049865,0,0.31
sample_049872,0,0.38
sample_049878,1,0.34
sample_049884,0,0.38
sample_049888,0,0.49
sample_049892,0,0.35
sample_049898,0,0.39
sample_049899,1,0.4
sample_049924,0,0.29
sample_049926,0,0.24
sample_049929,0,0.34
sample_049932,0,0.19
sample_049941,0,0.14
sample_049948,0,0.51
sample_049950,0,0.4
sample_049959,0,0.22
sample_049960,0,0.24
sample_049979,0,0.13
sample_049981,0,0.18
sample_049982,0,0.29
sample_049985,0,0.42
sample_049989,1,0.32
